25,"Dragi poslanci, dragi gostje, cenjeni novinarji, nadaljujemo z 32. sejo Zbora združenega dela Skupščine Republike Slovenije, ki smo jo prekinili v četrtek, 24. oktobra 1991."
44,"Po podatkih naše službe nas je prisotnih 43, 17 poslancev se je opravičilo, nekaj jih pa je še na poti, tako, da menim, da bomo zadovoljivo sklepčni in da lahko opravimo še te tri točke dnevnega reda, ki so nam ostale iz preteklega tedna."
20,"To sta osnutek zakona o pokojninskem in invalidskem zavarovanju ter osnutek zakona o gozdovih ter pobude, predlogi in vprašanja delegatov."
9,"Jaz bi bil zato, da delamo intenzivno in temeljito."
17,"Glede na samo razpravo se bomo pa tudi dogovorili, kdaj bi bila malica, če bo sploh potrebna."
12,Pričenjamo s točko dnevnega reda: OSNUTEK ZAKONA O POKOJNINSKEM IN INVALIDSKEM ZAVAROVANJU.
11,Osnutek zakona je v obravnavo predložil Izvršni svet Skupščine Republike Slovenije.
7,Objavljen je bil v Poročevalcu št. 24.
58,"Osnutek zakona so obravnavali: Odbor za delo, zaposlovanje in socialno politiko, ki je ugotovil, da je predlagatelj v osnutku zakona ustrezno upošteval vrsto pripomb iz razprav k predlogu za izdajo zakona s tem, da vztraja pri izhodišču, da se vsaj za določeno prehodno obdobje še ohranja sistem obveznega pokojninskega in invalidskega zavarovanja na načelih zavarovanja, vzajemnosti in solidarnosti."
35,"Komisija za vprašanja invalidov, ki je v načelni razpravi ocenila, da je predlagatelj ustrezno upošteval večino pripomb in predlogov komisije, prav tako pa tudi, da je osnutek zakona bolj pregleden in jasnejši v posameznih določbah."
67,"Komisija za žensko politiko, ki je osnutek zakona obravnavala predvsem z vidika strukture ženske zaposlenosti in izenačevanja pokojninske dobe generacije žensk, ki so tik pred upokojitvijo, glede na beneficiranje materinstva, opozarja pa predvsem na nedosledno uporabo moške in ženske oblike in predlaga, da se dvospolno dikcijo uporablja povsod tam, kjer se določbe nanašajo na moške in ženske, ali pa naj se namesto tega uporablja spolno nevtralen izraz."
21,"Zakonodajno-pravna komisija je ugotovila, da je predlagatelj pri pripravi novega osnutka zakona upošteval vse njene pripombe iz prejšnje faze zakonodajnega postopka."
33,"Komisija za družino je v načelni razpravi osnutek zakona ocenila kot primerno osnovo za pripravo naslednje faze zakona in ugotovila, da je predlagatelj upošteval številne pripombe, ki so bile dane v predhodnih razpravah."
25,Potem so pa seveda vse te komisije in odbori načeli celo vrsto konkretnih vprašanj in zato imajo tudi celo vrsto konkretnih pripomb in pa predlogov.
39,"Prejeli ste tudi vrsto pripomb in predlogov Skupnosti pokojninskega in invalidskega zavarovanja Republike Slovenije ter dodatne pripombe, pripombe Sodišča združenega dela Slovenije, Društva izgnancev Slovenije, Združenja invalidskih podjetij Slovenije, Zveze društev upokojencev Slovenije, FIDES, Sindikat zdravnikov in zobozdravnikov Slovenije."
17,"Predstavnica Izvršnega sveta je namestnica ministrice za delo, gospa Belopavlovičeva, in bi prosil za nekaj uvodnih besed."
2,Hvala lepa.
2,Spoštovani poslanci!
17,"Danes v tej skupščini drugič obravnavamo novi zakon o pokojninskem in invalidskem zavarovanju, tokrat v fazi osnutka."
50,"Od prve obravnave sredi julija, ko ste razpravljali o predlogu za izdajo zakona s tezami in ga sprejeli, se je v naši novi državi dogodilo toliko sprememb, da je sedaj še bolj očitno, da je celovit zakon o pokojninskem in invalidskem zavarovanju nujno sprejeti, in to najkasneje do konca leta."
11,Tudi v letošnjem letu se nadaljujejo zaskrbljujoča gibanja iz preteklih let.
20,"V prvih devetih mesecih se je namreč upokojilo preko 30.600 zavarovancev, tako da je skupno število upokojencev danes že 425.500."
28,"V istem obdobju se je število delavcev, zaposlenih v tako imenovanem združenem delu, to se pravi, v tem javnem sektorju, zmanjšalo in je padlo že pod 700 tisoč."
20,"Ta gibanja za enkrat ne kažejo izboljšanja, zato je nujno prilagoditi predpise o pokojninskem in invalidskem zavarovanju tudi tej situaciji."
8,Seveda to ne pomeni trajne in dokončne rešitve.
28,"Tudi na tem področju upamo, da se bo situacija izboljšala, izboljšala pa se bo šele takrat, ko bo gospodarstvo izšlo iz sedanje krize in pričelo nov razvojni krog."
24,"Ob takih gibanjih lahko vseeno povem, da pri izvajanju pokojninskega in invalidskega zavarovanja ni likvidnostnih težav in je celo prišlo do izboljšanja finančnega stanja."
25,"Tako, da se pokojnine lahko nemoteno izplačujejo in rečemo lahko, da je to posledica hkratnega delovanja ukrepov, ki smo jih sprejeli v začetku letošnjega leta."
44,"Takrat, ko je ta skupščina povečala stopnje prispevkov za financiranje pokojninskega in invalidskega zavarovanja, znižala razmerje med povprečnimi pokojninami in plačami na raven, kakršna je bila pred letom 1987 in zaostrili smo v tem času tudi finančno disciplino pri plačevanju prispevkov za to zavarovanje."
39,"No, vseeno nas te relativno ugodnejše razmere finančne situacije kot so v drugih družbenih dejavnostih ne smejo zavesti v nek neupravičen optimizem in moramo pri presoji posameznih rešitev v novem zakonu še vedno upoštevati naše dokaj omejene materialne možnosti."
31,"Dovolite mi, da samo v grobih črtah opozorim na najpomembnejše rešitve v osnutku zakona, posebej na tiste, ki se razlikujejo od prvotnega besedila, ki ste ga obravnavali v prvi fazi postopka."
34,"Zatrdim lahko, da je upoštevano večje število pripomb, pravzaprav večina pripomb poslancev k predlogu za izdajo in pa k tezam, v celoti pa ni bilo možno upoštevati tistih pripomb, ki predpostavljajo širjenje obstoječih pravic."
16,"V osnutku zakona pa so odpravljene tudi nekatere pomanjkljivosti, nekatere protislovnosti iz predloga za izdajo zakona."
48,"Zato, da ne bi več prišlo do takih motenj v financiranju zavarovanja, kakršnim smo bili priča koncem lanskega leta, to se pravi v drugi polovici lanskega leta, je v osnutku zakona vzpostavljen sistem financiranja, v katerem bo varnost pokojnin in drugih dajatev iz pokojninskega in invalidskega zavarovanja boljša."
16,"To nenazadnje zagotavlja tudi uvedba obvezne rezerve, ki jo mora imeti novo pokojninsko in invalidsko zavarovanje."
18,"Poleg tega je pa, poleg financiranja iz prispevkov zavarovancev in delodajalcev kot dodatni vir predviden tudi kapitalski sklad."
29,"Oblikovanje kapitalskega sklada bo možno, če bo sprejet predložen koncept lastninskega preoblikovanja družbenih podjetij, po katerem naj bi približno, predvidoma 20 % delnic teh podjetij prešlo v last pokojninskega sklada."
34,"Čisti dobiček kapitalskega sklada bi se uporabil za financiranje in izplačevanje pokojnin in drugih dajatev, pri tem pa seveda ne bi smeli zajedati v substanco in se ne bi smela realno zmanjšati ta substanca."
12,"Skratka, dobiček gre v pokojnine, substanca pa mora ostajati čista in nedotaknjena."
20,"V osnutku zakona smo predložili načelna izhodišča, naj bo sistem pokojninskega in invalidskega zavarovanja odprt za čim širši krog zavarovancev."
33,"Zato je poleg obveznega zavarovanja predvidena tudi možnost prostovoljne vključitve oseb, ki ne opravljajo dejavnosti, na podlagi katere bi bile obvezno zavarovane in na tej podlagi prostovoljne vključitve v ta sistem obveznega zavarovanja."
30,"Opozarjam tudi na možnost dodatnega zavarovanja, ki ga lahko uvedejo posamezna večja podjetja oziroma zavarovalnice po lastnih pravilih, seveda ta sklop se posebej ureja, možnosti na tem področju so odprte."
15,"No, za nazaj bi se pa vprašanje prostovoljnega zavarovanja razširilo z možnostjo dokupa zavarovalne dobe."
26,S sorazmerno nizkimi prispevki naj bi se omogočilo s tem zakonom dokupiti čas služenja vojaškega roka in pa čas študija na višjih in pa visokih šolah.
28,V prejšnji fazi postopka so bile podane številne zahteve za izenačenje pogojev za priznanje in za odmero pravic iz pokojninskega in invalidskega zavarovanja za moške in za ženske.
37,"Takšno izenačevanje teče v državah članicah sveta Evrope, ki je že tam nekje 1986. leta odpravil vse oblike neenakopravnosti med spoloma na področju socialnega zavarovanja in zaposlovanja, razen tistih, ki predstavljajo določene ukrepe varstva oziroma vzpodbujanja materinstva."
12,Mi se pri pripravi osnutka nismo opredelili za izenačevanje v tem smislu.
59,"Ocenili smo, da trenutno še ni pogojev za priznanje pravice do pokojnine, zato je v osnutku še vedno predvideno, da bodo ženske dopolnile pogoje za priznanje pravice do starostne, predčasne ali pa družinske pokojnine pri 5 let nižji starosti, kot moški in da zanje znaša polna pokojninska doba 35 let, ne pa 40 let, kot to velja za moške."
7,Vendar pa je treba opozoriti na varianto.
34,"V smeri izenačevanja moških in žensk gre ta variantni predlog lestvice za odmero pokojnin, po kateri bi se pa ženskam za enako pokojninsko dobo odmerila pokojnina v enakem odstotku, kot je določen za moške."
50,"To pa pomeni, da bi se zavarovanke sicer lahko upokojile 5 let prej kot moški, to se pravi s 35 letom, vendar pa bi njihova odmera znašala toliko, kot za moške z enako dobo, to se pravi 75 % pokojninske osnove, ne pa 85 %, kot je to veljalo po dosedanjih predpisih."
45,"K tej varianti predlagamo še dodatek, po katerem bi pa zavarovanke za vsakega otroka pridobile pravico do povečanja odstotka za odmero pokojnine glede na pokojninsko dobo za po 5 %, vendar največ za 15 % oziroma za toliko, da skupna pokojnina ne bi presegala 85 % pokojninske osnove."
44,"To pomeni praktično, da bi ženska z enim otrokom pri 35 letih delovne dobe bila na slabšem kot je danes pri odmeri, tista z dvema otrokoma na istem, tisti, ki ima tri otroke, pa bi se seveda lahko ustrezno temu znižala tudi njena doba."
9,"Seveda moram še enkrat poudariti, to je variantni predlog."
13,"Opredelitve, ki imajo tudi politični karakter, so pa seveda odvisne od vaše odločitve."
24,"Povedati je treba še, da bo ob sprejemu tega zakona nujno sprejeti še nekaj zakonov, v katerih bodo razrešena vprašanja, ki so tu nakazana."
30,"Gre za zakon o matični evidenci, kjer bo urejeno zbiranje podatkov o plačah in pa zavarovalni dobi ter vseh drugih podatkov, brez katerih ni možno izvajati pokojninskega in invalidskega zavarovanja."
15,"No, do sprejema novega republiškega zakona na tem področju bo še vedno veljal zvezni zakon."
37,"V predpisih o obveznostih republike bodo opredeljene obveznosti proračuna za financiranje posebnih pravic, ki jih na podlagi zakona lahko uživajo nekatere skupine zavarovancev, skratka, vse kar država daje kot beneficijo, mora država tudi iz proračunskih sredstev kriti."
4,To je jasno načelo.
10,Določiti bo treba prispevno stopnjo za SPIZ za naslednje leto.
25,"No, in zelo občutljivo vprašanje je tudi vprašanje štetja tako imenovane beneficirane dobe, zavarovalne dobe s povečanjem, ki ga bo treba tudi še posebej urediti."
9,"Predvidevamo, da bi na tem področju bil poseben zakon."
17,"Na koncu naj opozorim še na nekaj neodložljivih vprašanj, ki so se odprla ob dokončni osamosvojitvi Slovenije."
9,To so zlasti prevzem vojaških upokojencev in pa zavarovancev.
15,Izplačevanje pokojnin v preostale republike bivše Jugoslavije in pa razmerja do tujih držav na sploh.
12,"Ta vprašanja sicer moramo reševati, ne glede na postopek sprejemanja tega zakona."
50,"Nekaj tega v okviru bilateralnih sporazumov, meddržavnih pogodb, vendar pa je očitno, da bi se s sprejemom tega zakona lahko bistveno olajšalo tudi razreševanje nekaterih vprašanj na tem področju nekaj verjetno tudi v okviru prehodnih določb, ki jih bo potrebno še dopolniti glede na take, kot so bile sedaj predložene."
8,"Zato predlagam, da osnutek zakona sprejmete oziroma podprete."
3,"Hvala, gospa Belopavlovič."
5,Želijo poročevalci delovnih teles besedo?
18,"Bil sem malo bolj skop in zato vas prosim, če menite, da je treba kaj povedati, imate prednost."
5,"Če ne, pričenjamo z razpravo."
3,Kdo želi razpravljati?
2,Gospod Zabukovec.
1,Spoštovani!
25,"Dotaknil se bom v zvezi z osnutkom zakona o pokojninskem in invalidskem zavarovanju samo treh vprašanj zato, ker pravimo, naj bi bil zakon čimprej sprejet."
37,"Prvo vprašanje se nanaša na 38. člen, 3. točka, v povezavi z 5l. členom, 4. točka, in sicer je to vprašanje ali mora zavarovanec ali zavarovanka delati še naprej, ko izpolni polno pokojninsko dobo, delovno dobo."
46,"S terena je bilo največ pripomb prav na ta člen oziroma na ta del člena in se zavzemam za tako rešitev, da bi to ne bila obveznost v vsakem primeru, ampak naj bi bila to možnost, in sicer, če s tem soglašata tako zavarovanec kot delodajalec."
13,V takem primeru bi potem prišla v poštev tudi rešitev 5l. člena.
24,"Mislim, da je to četrti odstavek, ki govori, da se v taki podaljšani delovni dobi povečuje pokojninska osnova še za en odstotek vsako leto."
30,"Obrazložitev gre v to smer; po terenu je bilo največ pripomb, kot sem rekel, in obrazložitev gre v tem, da je pač zavarovanec izpolnil svojo zavarovalno oziroma državljansko delovno dolžnost."
7,Druga pripomba se nanaša na 48. člen.
30,"Ta govori, da zavarovancu, ki po 1.1.1970 ni imel najmanj enega leta zavarovanja, iz katerega se vzamejo plače za izračun pokojninske osnove, se starostna pokojnina odmeri od najnižje pokojninske osnove."
11,"Verjetno bi morali dopustiti vsaj možnost, da zavarovanec dokaže nekaj nasprotnega."
21,"Ta zakonska presumpcija je verjetno prehuda zlasti, ker bo število takih zavarovancev majhno, se zavzemam za večjo pravičnost ali večjo doslednost."
22,"Se pravi, vsaj za obrnjeno dokazno breme zavarovanca in pa menim, da bi ta določba celo bila lahko zrela za ustavni spor."
16,"Tretja pripomba se nanaša na 291. člen, to so prehodne in končne določbe - prva od njih."
26,"Zdi se mi, da je ta člen napisan nekoliko nejasno, če ga pa večkrat preberemo in analiziramo ugotovimo, da niso zaščitene pridobljene pravice po prejšnjih zakonih."
10,"Zavzemam se za jasnejšo formulacijo, in sicer v dveh vidikih."
25,"Prvič, da bo ta člen varoval pridobljene pravice po vrsti posamezne pravice in drugič, da bo varoval pridobljene pravice po njihovi vsebini, torej po višini."
18,"Se pravi, treba je zavarovati načelo institut pridobljene pravice in postaviti besedilo tako, da se zavaruje ugodnejša varianta."
25,"Če pa to ne, pa vsaj, da novi zakon nekdanjih zavarovancev, nekdanjih uživalcev pokojnin ne more postaviti v manj ugoden položaj, kot ga imajo sedaj."
2,Hvala lepa.
2,Hvala lepa.
5,Besedo ima gospod Andrej Muren.
5,"Spoštovano predsedstvo, gospe in gospodje!"
9,Povedal bi stališča Socialdemokratske stranke o tem osnutku zakona.
12,"Torej, mi nasprotujemo 38. členu tega zakona in sicer z naslednjo obrazložitvijo."
18,"V času, ko zelo hitro narašča brezposelnost, se nam zdi docela nesmiselno, da podaljšujemo delovno dobo za upokojitev."
36,"Namreč, zelo nerodno je, če so mladi na cesti, starejši ljudje, tik pred upokojitvijo, se pa še zadržujejo po službah, ker s tem se zgubljajo delovne navade, ki so si jih pač mladi pridobili v šoli."
7,Onemogoča se njihov nadaljnji razvoj in kvalifikacija.
36,"Predlagamo, da se ta člen v celoti črta in se ga preloži na boljše čase, ko bo pač prišlo do kakšne gospodarske konjunkture, takrat pa se uvede spremembo zakona in se lahko ta člen notri vpelje."
7,Podpiramo v 5l. členu variantni dodatek.
26,"Tukaj sem imel podobne predloge že pri obravnavi predloga za izdajo zakona in nas pravzaprav veseli, da je ta varianti dodatek prišel v sam osnutek zakona."
23,"Kar se tiče zakona na splošno, sodimo, da ta zakon še vedno podpira predvsem upokojevanje invalidov, premalo pa stimulira njihovo rehabilitacijo in zaposlovanje."
39,"Zelo podpiramo 247. člen zakona, ki govori o vračanju teh podržavljenih pokojninskih skladov, ki so bili podržavljeni leta 1945 na ta bodoči sklad za pokojnine, ki se bo oblikoval in smo mi to že predlagali pri zakonu o denacionalizaciji."
17,"No, sedaj ta zakon samo to predvideva v 247. členu in mislimo, da mora to ostati notri."
6,Pri 240. členu nasprotujemo izjemnim pokojninam.
35,"Namreč, sodimo nekako, da je to zelo sporno kaj mora človek narediti, da zasluži izjemno pokojnino, zlasti pa, če bi šli analizirati osebe, ki uživajo te posebne pokojnine, potem bi prišli do zelo čudnih rezultatov."
18,"Namreč te osebe so po večini, milo rečeno, sporne, lahko pa bi se jim očitalo še kaj drugega."
6,Tukaj bi postavil še eno vprašanje.
11,Tukaj se med pokojninske upravičence naštevajo tudi udeleženci grške državljanske vojne.
22,"Ne vemo kaj so to udeleženci grške državljanske vojne, kaj imajo opravka s Slovenijo in kaj ima ta vojna s Slovenijo opravka?"
11,"Če je ta vojna zaslužna za Grčijo, naj pač Grčija izplačuje."
23,"Slovenija v tej vojni ni imela biti kaj udeležena, če pa je jugoslovanska vlada se v to vojno vtikala, je to njena stvar."
2,Hvala lepa.
2,Hvala lepa.
3,Gospod Vili Sekereš.
8,"Spoštovane kolegice in kolegi, spoštovano predsedstvo, lepo pozdravljeni!"
14,Poslanci iz občine Lendava smo pretresli zakon in bi imeli tukaj tudi pisne pripombe.
17,"Prebral bi samo dve stvari s teh pripomb, in sicer k tistemu, že dvakrat omenjenemu, 38. členu."
37,"Predlagamo, da bi se drugi odstavek tega člena spremenil tako, da bi se glasil: ""Zavarovanec pridobi pravico do starostne pokojnine, ko dopolni pokojninsko dobo 40 oziroma zavarovanka 35 let, ne glede na starost."" To je prva stvar."
9,"Druga stvar, prebral bi še pripombo k 320. členu."
63,"Prvi odstavek 320. člena naj bi se glasil tako, da se spremeni in da bi se glasil: ""Republiški upravni organ, pristojen za delo do faze predloga zakona, pripravi osnutke podzakonskih aktov, določenih v teh zakonih."" Namreč, tam predlaga, da bi podzakonske akte šele do nekje do konca šestega meseca sprejeli, ampak smatramo, da bi to morali hkrati te podzakonske akte sprejeti z zakonom."
2,Hvala lepa.
2,Hvala lepa.
3,Gospa Anka Osterman.
1,Pozdravljeni!
27,"V osnutku zakona so vgrajene nove pripombe in predlogi z razprave, kar kaže na pripravljenost predlagatelja, da skuša zakon oblikovati, tako kot pač ljudje želimo oziroma pričakujemo."
10,"Zato besedilo načelno tudi podpiram, imam pa še nekaj pripomb."
11,"Znova sem pri 13. členu, ob katerem sem razpravljala že zadnjič."
28,"Gre za zavarovanje kmetov, in sicer za problem teh malih kmetov, kajti pokojnina oziroma pravica do pokojnine iz tega naslova je seveda vezana na določen dohodek, katastrski dohodek."
38,"V mislih imam tiste kmete, ki tega dohodka ne bodo mogli doseči, vendar se pravzaprav nekje do pozne starosti preživljajo na tak način, da obdelujejo tisto svojo majhno zemljo in še dodatno kakšno malenkost in vendarle lahko preživijo."
10,Po tem zakonu pa seveda ne bodo mogli uveljaviti pokojnine.
21,"Gre za to, da se lahko vključijo potem v prostovoljno zavarovanje, vendar se že zdaj dogaja, da ljudje odjavljajo pokojninsko zavarovanje."
11,"Ravno to so te kategorije, ker nimajo dovolj denarja za prispevke."
28,"Strinjam se, da pokojnina izhaja iz prispevka, da skratka mora biti tudi določeno merilo in določen cenzus, ki dovoli vstop v ta sklad in potem v te pravice."
29,"Zato vseeno predlagam, ker gre tu za precejšnjo kategorijo teh ostarelih ljudi, ki ne bodo mogli nikoli pokojnine uveljaviti, da bi vseeno v Sloveniji razmišljali o uvedbi nacionalne pokojnine."
19,"Namreč, ti ljudje, če ne bodo mogli uveljaviti pokojnine, bodo iskali socialno pomoč in jo seveda bodo morali dobiti."
13,Denar pa zbiramo tudi za socialne pomoči in ga tudi zbiramo vsi zaposleni.
47,"To pomeni, da bi vendarle kazalo razmisliti o tem, ali bi povečevali kategorijo teh socialnih podpirancev ali pa bi vendarle razmišljali o nacionalni pokojnini, ko potem ljudje ne bi morali iskati socialne pomoči, ampak bi imeli vsaj tisto minimalno nacionalno pokojnino, torej tisti osnovni znesek za preživetje."
1,Dalje.
11,"Pri 38. členu, ki se veže potem tudi na 39. člen."
24,"Gre za to, za določbe tega člena, ki podaljšuje oz. veže upokojitev, ne samo na dopolnitev, izpolnitev zavarovalne dobe, ampak tudi na določeno starost."
8,To starost novi osnutek celo zdaj še podaljšuje.
34,"Pri tem bi pa rada opozorila zlasti na delavce, ki jih bo zdaj, kar nekaj let še velike skupine teh, ki so se zaposlili takoj po l5-em letu oziroma, kar precej pred 18-im letom."
15,Vsi ti bodo imeli izpolnjeno delovno dobo oziroma pokojninsko dobo pred določeno zahtevano kronološko starostjo.
18,"Ker gre v teh primerih v glavnem za nekvalificirane ali priučene delavce, so torej ti ljudje kar iztrošeni."
18,"In glede na nekdanji sistem, ki je veljal, bo zdaj kar več generacij ljudi moralo dalj časa delati."
43,"Res je, da bodo za to dobili 1 % poleg, vendar mislim, da cilj teh ljudi ni bil ta procent, mnogi od teh že komaj bo zmogel, da bo dopolnil delovno dobo, ker sem rekla, da gre v glavnem za NK in PK delavce."
34,"Poleg tega mislim, da se vseeno ljudje zadnja leta pred upokojitvijo že na nek način pripravljajo na to upokojitev, si pripravljajo stil življenja, način življenja in zdaj pride ta zakon in to vse zruši."
51,"Ne nasprotujem podaljševanju delovne dobe, predlagam pa, da bi za te kategorije delavcev, ki jih zajame ta zakon zelo neprijetno, uvedli na nek način eno prehodno obdobje, kako bi se te določbe uporabljale v tem primeru, ko bo kar krepko že izpolnjena pokojninska doba pred kronološko starostjo, ki jo zahteva zakon."
24,"In na ta problem bi rada še opozorila pri 39. členu, kjer govori o predčasni upokojitvi v stečajih, ob stečaju in likvidaciji delovne organizacije."
28,"Tudi tam bo prišlo do podobnih težav, ko bodo ljudje imeli izpolnjen pogoj, da bi se predčasno upokojili, ne bo pa kronološke starosti in bodo ravno tako prikrajšani."
25,"Predlagam, da se to še enkrat prouči in poskuša urediti v nekem posebnem členu ali prehodnih določbah, da cele generacije ne bi bile preveč prikrajšane."
13,"Tukaj je 51. člen, kjer govori oziroma uvaja izenačevanje pogojev upokojevanja obeh spolov."
15,"Jaz temu načeloma ne ugovarjam, vendar pa opozarjam, da se zakon neprimerno loteva te materije."
11,"Namreč, gre za življenjske in delovne pogoje zaposlenih žensk v Sloveniji."
44,"Nekatere raziskave v Sloveniji so pokazale, da so zaposlene ženske v Sloveniji praviloma skoraj dvojno obremenjene, saj način življenja, možnosti zadovoljevanja potreb za funkcioniranje družine, kot so različni servisi, način prehrane, varstvo otrok itn., pa tudi dnevna politika, doslej niso bile naklonjene zaposleni ženski."
74,"Zato je ta analiza o kvaliteti življenja v Sloveniji pokazala, da so slovenske ženske utrujene in mislim, da je to pravzaprav objektivno dana situacija, da je to potrebno upoštevati in v tem, ko izenačujemo oba spola pri zahtevkih za upokojitev, bi bilo treba ravno tako vnesti nek varovalni člen in potem seveda ustrezno urediti ta naš način življenja tako, da bi oba zaposlena spola bila kolikor se le da, v enakopravnem in enakovrednem položaju."
9,Zato nasprotujem varianti v besedilu prvega odstavka 51. člena.
30,"Ne strinjam se tudi z variantnim dodatkom, in sicer, da se doda novi 51. a) člen, in sicer iz teh razlogov, ker ta član zelo neenako obravnava ženske med seboj."
23,"Zdi se mi, da ta člen nedopustno posega v pravico ženske, da sama odloča o tem, ali bo rodila ali ne bo rodila."
4,To je ena stran.
21,"Po drugi strani pa kaznuje oziroma nikakor ne more nagraditi pa tiste ženske, ki ni mogla roditi, čeprav je to želela."
9,"Namreč, tu menim, da materinstvo ni stvar pokojninskega zakona."
13,"Mislim, da posebnosti okrog materinstva moramo obravnavati drugje, ne pa v pokojninskem zakonu."
14,"Kajti, osnova pri pokojninskem zakonu je vendar prispevek človeka v njegovi aktivni delovni dobi."
32,"In če zdaj primerjam ti dve ženski med seboj; ta, ki ni bila na porodniškem, ki ni imela dopusta za nego otroka itd. je ves čas delala in je dajala svoje prispevke."
13,"Zdaj bo pa dalj časa delala ravno zaradi tega, ker ni bila odsotna."
17,"Obenem pa se strinjam, da se materinstvo obravnava drugače, vendar za to ne moreš dobiti delovne dobe."
69,"Mislim,da moramo pogoje življenja, od stanovanjske politike do dodatkov družine, do raznih servisov, do tega, da ženska, ki rodi, to je mati, ne bo tako zelo obremenjena, da bo lažje opravljala svoje materinske funkcije in še zaposlena, potem je tu tudi fleksibilni delovni čas, da bi na tak način obravnavali vprašanje žensk, ne pa, da bi to poskušali tisti, pravzaprav neposluh do materinstva zdaj odkupovati preko delovne dobe."
35,"Predlagam, da predlagatelj to še enkrat prouči in poskuša nekako bolj prav obravnavati in resnično zadolžiti to družbo, da se materinstva loteva drugače in predlagam, da takšno besedilo tega 51.a člena te variante odpade."
1,Hvala.
11,"Spoštovani, pričakujem, da ta zakon ne bo imel dolge življenjske dobe."
13,"Kajti gotovo je, da bo v bodoče potrebno pripraviti zavarovalniški pristop pri pokojninah."
5,Imam pripombe na nekaj členov.
10,"Najprej pri 38. členu, kjer gre za podaljšanje starostne meje."
74,"Menim, da iz razlogov, ki so bili tudi danes podani, to se pravi, da ni likvidnostnih težav, glede na to da je sedanja generacija prestajala sorazmerno neugodne delovne pogoje, da je veliko zelo utrujenih delavcev, ki si želijo iti v pokoj, glede na to, da je tako veliko mladine na cesti, ki ne najde niti prve zaposlitve, menim, da bi bilo potrebno v 38. členu ponovno proučiti, ali je resnično smiselno podaljševati starostno mejo."
13,"Nadalje imamo pripombo tudi na 51. člen, ki je povezan z 38. členom."
32,"Čeprav v tem členu, če že, rešujemo našo situacijo s podaljšanjem starostne meje, v tem primeru pa se ne strinjam z mojo predgovornico, ki ne podpira variantnega dodatka, ki zadeva demografsko politiko."
26,"Menim, da slovenski narod, glede na zadnje raziskave njegovega staranja, glede na upadanje rojstev, vendar mora tudi v pokojninskem zavarovanju storiti en korak in zaščititi materinstvo."
15,"Številne žene in matere, s katerimi sem govorila na terenu, so vedno poudarjale ta pomen."
27,"Gotovo je, da pri tem morda niso izenačene te druge žene, ki bi tudi želele, vendar pa menim, da je to možno rešiti tudi na drug način."
21,"Nadalje imam pripombo na 53. člen, ki govori o najvišji pokojnini in o tem tri in pol kratnem znesku povečane plače."
21,"Zdi se mi nerealno, ne vem, če je katera država, ki bi imela tako razkošni člen, ki bi omogočal takšno odstopanje."
2,Hvala lepa.
2,Hvala lepa.
3,Bogo Rogina prosim.
4,Spoštovane poslanke in poslanci!
21,"Poslanci s področja obrti smo že prej večkrat opozarjali na probleme, ki jih obrtniki srečujemo predvsem tudi v tej pokojninski zakonodaji."
40,"Ti problemi izvirajo v glavnem iz enega, tudi zelo težko sprejemljivega dejstva, da obrtnik v bistvu ni v delovnem razmerju ampak se mu ta doba sicer šteje, formalno pa ni v delovnem razmerju in iz tega izvirajo tudi določeni problemi."
20,"Zaradi tega predlagamo spremembo oz. dopolnitev 39. člena zakona, v katerem bi morali pravico do predčasne pokojnine izdati tudi obrtnikom."
40,"S tem jim omogočiti - to je razširitev tretje alinee - da pridobijo pravico do predčasne upokojitve zavarovanci, ki niso v delovnem razmerju, in sicer zasebni delodajalci in obrtniki, ki samostojno opravljajo dejavnost z zasebnim delom in pa tudi s svojimi sredstvi."
18,V tem pogledu so obrtniki sami nosilci upravljanja delovnega procesa in pa razmerij v zvezi z delovnim procesom.
8,Isti problem se pojavlja tudi pri delovnih invalidih.
32,"To sem že nekajkrat omenil, da v vseh državah, v glavnem, takšnim nosilcem dela, ki prevzemajo obveznosti iz svojega dela z vsem svojim premoženjem, država daje poseben status in tudi posebne pravice."
38,"Mislim, da je treba tole nekako razširiti, ker poglejte, če v obratovalnicah, ki ima enega, dva ali pa tudi pet delavcev, zahtevamo, da mora nuditi delovno mesto tudi invalidom, potem enostavno taka obratovalnica enostavno nima več eksistenčnih pogojev."
30,"Uveljavljanje in uresničevanje pravic zavarovancev, delovnih invalidov druge in tretje kategorije je za zasebnega delodajalca, to je obrtnika, preveliko breme in prehuda obremenitev, ki je v večini ne bi prenesli."
26,"Obrtnik osebno vodi obrtno dejavnost, posluje s svojim imenom in za svoj račun in odgovarja za prevzete obveznosti, kot sem že rekel, z vsem svojim premoženjem."
8,To dejstvo ga tudi loči od ostalih delodajalcev.
19,"V obratovalnicah obrtnik nima možnosti razporeditve invalida na drugo ustrezno delo, saj gre v večini za enaka delovna mesta."
75,"Kolikor bi to breme v primeru, da obrtnik zaposluje več kot pet delavcev, padlo na obratovalnico, bi to dolgoročno pripeljalo do tega, da obrtniki več kot pet delavcev ne bi zaposlovali, saj nimajo nobenih skladov, iz katerih bi krili nadomestila osebnih dohodkov za čas čakanja na poklicno rehabilitacijo nadomestila osebnega dohodka za čas čakanja na razpreditev oziroma zaposlitev na drugem ustreznem delu oziroma na delu s skrajšanim delovnim časom in zagotovili poklicne rehabilitacije delovnega invalida."
1,Hvala.
1,Hvala.
3,Gospod Peter Starc.
8,"Spoštovani, govorim v imenu kluba Stranke demokratične prenove."
17,"Pripravili smo pet takih točk, no, štiri malo bolj važne, ker mislimo, da jih je treba povedati."
21,"Podpiramo predlog tega novega osnutka, kar se je videlo iz javne razprave, da je kvaliteta taka, da so večino pripomb upoštevali."
8,Vseeno bi jih pa še tudi nekaj povedali.
6,Nekaj zadev je še vedno spornih.
47,"Država še vedno izrecno ne jamči, da bo iz sredstev proračuna zagotovila z zakonom zajamčene pravice zavarovancev, če bi spričo naglega naraščanja števila novih upokojencev, odlaganja plačil prispevkov, tako kot se zdaj dogaja, priznanje posebnih pravic, na osnovi specialnih zakonov sredstva pokojninskega in invalidskega zavarovanja ne zadoščala."
11,"Tu gre tudi za te vojaške upokojence, ki jih je več."
24,"Slišali smo danes, da jih je že s 400 prišlo na 430 tisoč, tako da so to take zadeve, ki jih bo treba razmisliti."
8,"Nadalje, določbe o usklajevanju pokojnin se niso spremenile."
24,Razmerje med povprečno starostno pokojnino za polno delovno dobo in povprečnim osebnim dohodkom je še vedno postavljeno kot srednjeročno in ne kot letno razmerje.
21,"Še vedno tudi ni opredeljeno, da bi pri spreminjanju tega razmerja enakopravno sodelovale organizacije upokojencev in invalidov, delodajalcev, sindikatov ter vlade."
40,"Nadalje, predlagatelj je upošteval, da mora biti skupščina pokojninskega in invalidskega zavarovanja dvopartitna, da v njej država nima kaj iskati, toda nejasna je ostala razmejitev pristojnosti med državo, Skupščino pokojninskega in invalidskega zavoda in Upravnim odborom pokojninskega in invalidskega zavoda."
15,"Tudi sestava Skupščine PIS-a, člen 318, in Upravnega odbora PIS-a, člen 275, je slabo premišljena."
31,"Vloga upokojenskih in invalidskih organizacij je v prvem primeru marginalizirana, vloga delegatov delavcev v Pokojninskem in invalidskem zavodu, v Upravnem odboru Pokojninskega in invalidskega zavoda trije od enajstih članov pa precenjena."
21,"Te določbe jasno kažejo, kako ureditev pokojninskega in invalidskega zavarovanja kot javnega zavoda namesto zavarovalnega sklada ne ustreza dejanskim sistemskim potrebam."
15,"Nadalje, v osnutku ni dobro rešeno vprašanje pravnega varstva pravic iz pokojninskega in invalidskega zavarovanja."
32,"V prehodnih določbah je treba do uveljavitve posebnih sodišč to delo zaupati, tako kot doslej sodiščem, združenega dela, kasneje pa posebnim sodiščem tako, kot imajo to urejeno sodobne pravne in socialne države."
12,Prepustiti varstvo teh pravic zgolj upravnemu postopku bi pomenilo velik korak nazaj.
34,"Nadalje, mislim pa, da je tu največ pripomb, veliko javno polemiko je izzval predlog postopnega povečevanja starosti moških s 60 na 63 let in žensk s 55 na 58 let za pridobitev starostne pokojnine."
15,Vlada še vedno ni določila celovite analize posledic tega ukrepa na tokove zaposlovanja nove generacije.
8,Podatki o številu brezposelnosti mladih pa so neizprosni.
11,Trenutno je brez dela 40 tisoč mladih do 26 leta starosti.
24,"Hkrati pa so možnosti starejših in nekvalificiranih, pa tudi izčrpanih delavcev in delavk, ki ostajajo brez dela zaradi stečajev za novo zaposlitev enake ničli."
18,"Predlagamo, da se zvišanje starosti za pridobitev starostne pokojnine v prehodnih določbah zakona veže na gibanje stopnje brezposelnosti."
30,"Dokler ta ne začne upadati in ne pade na srednjo vrednost med najvišjo in najnižjo stopnjo brezposelnosti po državah ES, ki je okrog 7 %, naj se ta člen ne uporablja."
14,Tudi člen 147. v teh razmerah ne bi smel zmanjšati pravice do družinske pokojnine.
24,"Dodatno poslabšanje sosledja delovnih generacij bi povzročilo tudi uveljavljanje variante 51. člena zakona, izenačitev določevanja odstotka za odmero starostne pokojnine med moškimi in ženskami."
49,"Sililo bi namreč ženske, da delajo 40 in ne 35 let kot do sedaj ali pa bi tistim, ki nimajo vsaj dveh otrok, seveda če bi bil zakon sprejet tudi v variantni dodatek in bi se pokrile s 35 leti delovne dobe, avtomatično dobile 10 % nižjo pokojnino od moških."
46,"Načeloma ni možno nasprotovati izenačevanju delovne dobe in starosti za upokojitev za oba spola, če to izenačevanje poteka postopoma, če so vsi, ki v delovno življenje o tem vnaprej obveščeni in če to izenačevanje spremlja dolgotrajna in celovita politika uveljavljanja stvarno enakih možnosti za oba spola."
43,"Kot pa je znano, Republika Slovenija take politike nima, še tisto, kar smo imeli do sedaj, to se pravi otroški dodatki, otroško varstvo, zaščita materinstva pri delu, družbena prehrana, servisi za gospodinjstvo itn. se krči, podira in postaja ljudem s povprečnimi plačami nedostopno."
31,"Sredi življenjskega in delovnega obdobja danes zavarovanih žensk, zlasti ne tistih, ki delajo na najbolj duhomornem in tudi zdravju nevarnem delu, ni mogoče kaznovati samo zato, ker niso rodile dveh otrok."
8,Uveljavitvi obeh variant člena 51 zato odločno nasprotujemo.
2,Hvala lepa.
1,Hvala.
3,Gospa Majda Slokan.
2,Hvala lepa.
1,Pozdravljeni.
23,"Jaz bom povsem kratka, ker so ob pomislekih, ki jih imam tudi jaz, ob tem osnutku tega zakona govorili že kolegi pred menoj."
35,"Želela bi samo poudariti predlog, moje mnenje k 291. členu, o katerem je tako lepo govoril gospod Zabukovec, namreč o tem prehodnem obdobju, ki bi se naj podaljšalo za zavarovanje pridobljenih pravic iz obstoječe zakonodaje."
6,Predvsem mislim na pravice predčasne pokojnine.
34,"Druga stvar, o kateri sem imela namen govoriti, pa je ta 51. člen o enakopravnosti moških in žensk, pa mislim, da je gospa Ostermanova tako lepo povedala, da lahko jaz samo še kaj pokvarim."
4,Popolnoma podpiram njeno mnenje.
1,Hvala.
1,Hvala.
3,Gospod Ivan Dretnik.
5,"Gospod predsednik, hvala za besedo."
4,"Spoštovane poslanke, spoštovani poslanci!"
20,"V to problematiko, ki zadeva vse sloje v Republiki Sloveniji, se udeležujem kljub temu, da pri tem nisem neposredno prizadet."
18,"Najprej vam posredujem pripombe Društva upokojencev Ravne na Koroškem, ki imajo pripombe k 46., 225. in 275. členu."
13,"Rekel sem že, da se podajam v razpravo kljub temu, da nisem prizadet."
22,"Malo čudno se seveda čuje, pa je vseeno resnica, da sem med tistimi redkimi v Republiki Sloveniji, ki kljub letom nimam pokojnine."
25,"Na tem mestu sem vam že enkrat povedal, da smo bili kmetje po vojni, pa če hočete, po osvoboditvi, dobesedno odrinjeni na rob družbenega dogajanja."
17,"Namreč, nismo bili zajeti v sistem zdravstvenega in socialnega varstva, čeprav so bili takrat zajeti vsi sloji."
19,"Zanimivo pri tem je to, da je to varnost uživala celo duhovščina, ki je takratni režim očitno ni maral."
15,"Še bolj zanimivo pa je to, da pa je bila zdravstvenega varstva deležna naša živina."
16,"Saj smo že takrat imeli možnost, da smo zavarovali krave za slučaj bolezni ali druge nesreče."
27,"Naj povem to, kar sem že takrat ob takšni razpravi rekel ogorčeno na seji občinske skupščine, da bi rad bil zavarovan vsaj toliko, kolikor so moje krave."
30,"Konkretno, če mi krava zboli, mi zavarovalnica vsaj delno povrne stroške, če pa stopim sam do zdravnika, kar je bilo tudi res, je bilo njegovo prvo vprašanje, če si zavarovan."
30,"In si moral plačati vse zdravstvene storitve stoodstotno. 25 let, se pravi četrt stoletja je moralo preteči po osvoboditvi, da se je vsaj na tem področju za kmeta nekaj premaknilo."
15,"Na vztrajno zahtevo kmetov, združenih v kmetijski zadrugi, smo prišli do delnega zdravstvenega zavarovanja kmetov."
24,"Da pa se je moglo to uzakoniti, je bil potreben pristanek vseh zaposlenih v republiki in v ta namen je bil izveden tudi referendum."
24,"Nekaj let za tem je bilo tudi na vztrajno zahtevo kmetov uvedeno tudi socialno varstvo za kmeta, ki je imelo naslov Starostno zavarovanje kmetov."
27,"Delovna doba je bila takrat predpisana 65 let, kar ni tako hudo, hujše pa je bilo to, ker je bila na eno kmetijo upravičena samo ena pokojnina."
18,"Se pravi, nosilec zakona je bil upravičen dočim, njegov zakonec ne, in je lahko to pravico šele podedoval."
18,"Prav tako niso bili udeleženi te pokojnine tudi ostali ostareli pri hiši, kar je pri kmetih pogost slučaj."
38,"Nekaj let za tem, oprostite, letnic ne vem, ker nisem brskal po podatkih, je prišla sprememba in dopolnitev zakona o pokojninskem in invalidskem zavarovanju, ki je imel urejeno to možnost, da so se vanj lahko vključevali tudi kmetje."
50,"Pogoj je bil ta, da se je moral, pogoj je bil torej za mlajšo generacijo in vsakdo ki je to zavarovanje sklenil, se je moral se včlaniti v kmetijski zadrugi kot kmet-kooperant s trajno proizvodnjo in moral dosegati takšne tržne viške, ki so bili enaki osrednjemu povprečnemu dohodku v republiki."
16,"Vsak, ki je sklenil to zavarovanje, vsakemu je takoj avtomatično prenehalo zavarovanje pri starostnem zavarovanju kmetov."
23,"Ker je za sklenitev takega zavarovanja imela vsekakor boljše pogoje moja žena, je to sklenila ona in meni je to zavarovanje avtomatično ugasnilo."
50,"Dobil sem izplačane vse vplačane prispevke, razrešen sem bil vseh funkcij, ker moram povedati, da sem pri uvajanju teh sistemov sodeloval od vsega začetka, bil sem član izvršnega odbora skupščine, to lahko potrdi gospod Ban, lahko mi potrdi kolega Žampa iz Zbora občin in celo sam podpredsednik vlade gospod Malešič."
19,"Hočem reči naslednje, da sem iz tega ""špila"" izpadel samo zaradi tiste luknje, ki jo vsak zakon tudi ima."
20,"In prav zato, ker nimam pokojnine, lahko čisto nepristransko dam razne pripombe in svoje mnenje, ki jih čujem na terenu."
14,"Prvič, mnogi, ki so še zaposleni, se ne morejo strinjati s podaljšano delovno dobo."
14,"Ne morejo razumeti tega, da se delovna doba povišuje kljub temu, da narašča brezposelnost."
4,"Drugič, razlike v pokojnini."
7,To boli najbolj upokojence z nizkimi pokojninami.
26,"Vsi razumemo, tudi prizadeti, da razlike morajo biti, kajti iz skupnega žaklja lahko vzame vsak samo tisto kar je za časa svoje delovne dobe tudi vložil."
23,"Vendar ti upokojenci pa ne morejo razumeti tega, da se te razlike še povečujejo z izplačilom dodatkov, zaradi tega, ker se izplačujejo procentualno."
17,"Razlike se vedno izplačujejo zaradi povišanja življenjskih stroškov, življenjski stroški pa so v trgovini za vse enaki."
9,"Tudi želodce imamo vsi enake, vsaj tako trdijo upokojenci."
1,Tretjič.
52,"Da bi v bodočem zakonu ne bi bilo loterije, namreč, mnogi upokojenci, ki so izpolnili vse pogoje, pa so vplačevali razmeroma visoke prispevke, so nastradali samo zaradi tega, ker niso šli pravi čas v pokoj, se pravi, pravi dan ali pa pravo uro, kajti ti predpisi so se menda kar naprej spreminjali."
16,"Četrtič, da bi v bodočem zakonu ne bi bilo take luknje, skozi katero sem padel jaz."
8,"Petič, bi pa nakazal samo problem kmetov, zavarovancev."
34,"Ti namreč vedno težje zmagujejo tako visoke prispevke zaradi svojih nizkih dohodkov, ki pa niso posledica slabe tržne proizvodnje, ampak so posledica cenovnih razlik, ki jih narekujejo vnaprej določene nizke odkupne cene kmetijskih pridelkov."
22,"Kot sem rekel, nimam pokojnine, ampak sem kljub temu vesel, da lahko te probleme nakažem na mestu, kjer se o tem odloča."
1,Hvala.
1,Hvala.
5,Besedo ima gospod Rudi Moge.
4,Spoštovane poslanke in poslanci!
14,"Dovolite, da bi nekako konkretno govoril o osnutku zakona o pokojninskem in invalidskem zavarovanju."
13,"Na splošno bi dejal, da bi v predlogu morale biti naslednje reči dopolnjene."
15,"Potrebno bi bilo vsaj, da naj beneficirana delovna doba znižuje starostne pogoje za predčasno upokojitev."
18,"Določiti je treba časovni zamik za začetek prehodnega obdobja, v katerem se bodo zaostrovali starostni pogoji za upokojevanje."
15,Pripraviti je treba oceno posledic novosti v zakonu za socialno varnost upokojencev in delovnih invalidov.
22,"Določiti širšo odgovornost pokojninskega zavoda za delovno rehabilitacijo delovnih invalidov, uživalci predčasne pokojnine naj imajo pravico do varstvenega dodatka k nizki pokojnini."
24,"Predlog bi moral določiti tudi odmero pokojninske osnove od osebnih dohodkov, v skladu s kolektivno pogodbo v primerih izterjatve le-teh iz stečajne mase podjetja."
5,Konkretne pripombe so pa naslednje:
4,Glede na 2. člen.
17,"V tem členu je navedena možnost dodatnih oblik zavarovanja v podjetjih in zavarovalnih organizacijah, skladno z zakonom."
31,"Zakon ne bi smel omejevati dodatnih zavarovanj le na podjetja, ampak bi moral dopustiti tudi možnost panožnih dodatnih zavarovanj; to naj bi bil nek dogovor med delodajalci in delojemalci v panogi."
3,K 38. členu.
20,V tem členu je v predzadnjem odstavku določeno potrebno število let pokojninske dobe in vezava na starost zavarovancev in zavarovank.
20,"Menim, da vezava dopolnitve polne starostne pokojnine 40 ali 35 let delovne dobe ni mogoče vezati na izpolnitev določene starosti."
16,"To določilo bi namreč najbolj prizadelo manj izobražene delavce, ki so v pretežni meri fizično izčrpani."
42,"Poleg tega to določilo prizadeva ženske, ki so v veliki meri pripomogle k povečanju narodnega bogastva, saj so in se predstavljajo približno 47 % vseh zaposlenih v Sloveniji, ob vsej obremenitvi za družino, in kot vemo, ob nižjih plačah kot jih dobivajo moški."
24,"Menim tudi, da ureditve v drugih državah ne vežejo dopolnitve polne starostne pokojnine 40 oziroma 35 let delovne dobe na starost zavarovanca oziroma zavarovanke."
3,K 39. členu.
44,"V zvezi z opredelitvijo pravice do predčasne pokojnine kaže opozoriti na dejstvo, da ta pomeni zmanjšanje pravic, saj bi zmanjšanje pokojnine zaradi nedoseganja starosti ostalo trajno, v prejšnjem zakonu pa je to zmanjševanje bilo omejeno do doseganja določene starosti, vemo 60 oziroma 55 let."
21,"V povezavi z določilom, da ti uživalci teh pokojnin nimajo pravice do varstvenega dodatka, pomeni to ogrozitev socialne varnosti teh zavarovancev."
2,41. člen.
16,"Ta člen opredeljuje znižanje starostne meje za toliko mesecev, kolikor je znašalo skupno povečanje zavarovalne dobe."
27,"Na primer, če je delavec pridobil 6 let zavarovalne dobe zaradi benefikacije, se za toliko let zmanjša starostna meja, torej pri 60 letih za moškega 54 let."
22,"Pri tem moram opozoriti, da to velja le za pridobitev pravice do starostne pokojnine, torej polne pokojninske dobe 40 oziroma 35 let."
29,"To pa se ne upošteva pri predčasnih pokojninah, torej ko delavec z benefikacijo doseže 35 oziroma 30 let delovne dobe, pa nima potrebne starosti 58 let oziroma 53 let."
48,"Menim, da ta problem ni ustrezno rešen, predvsem za panoge, kjer so v pretežni meri ženske, vemo, da se to nanaša na tekstil in če bo ta zakon tak sprejet, bi te reve morale potem glede na že zmanjšane možnosti dela v teh letih, torej delati še naprej."
2,51. člen.
51,"Menim, da naj ostane besedilo tega člena brez variante in variantnega dodatka, kar bi pomenilo ohranitev pravice do odstotka od pokojninske osnove, kot je bilo v veljavi do sedaj, to se pravi za moške pri dopolnjenih 40 letih pokojninske dobe in za ženske pri 35 letih ter 85 % od pokojninske osnove."
24,"V zadnjem odstavku besedila 51. člena naj se povezava povečanja, to je tisti en procent za vsako dopolnjeno leto nad polno starostno pokojnino, črta."
47,"Če opredelitev v 38. členu ostane glede vezave starosti in potrebnih let pokojninske dobe, potem je nujno povečanje za en procent določiti v enakem odstotku, kot znaša lestvica povečanja v 51. členu za vsako posamezno leto, to se pravi za moške en procent, za ženske tri procente."
2,125. člen.
23,Ta člen opredeljuje višino nadomestila za čas čakanja na razporeditev oziroma zaposlitev na drugo ustrezno delo za delovne invalide II. in III. kategorije.
20,"Do sedaj je namreč veljalo za te invalide, ki so zaposleni v Republiki Sloveniji s sklepom SPIZ-a, 100%-no nadomestilo."
10,Odmerjena višina nadomestila v tem členu se zmanjšuje na 80 %.
26,"Predlagam, da se vstavi besedilo prve alinee, ki se glasi 100 % osnove za zavarovanca iz 7. člena, ostali elinei postaneta druga in tretja tega 125. člena."
2,139. člen.
15,V 139. členu je potrebno jasneje zapisati obveznost delodajalca do zagotovitve nove zaposlitve delovnemu invalidu.
11,"Dokler ta ni zagotovljena naj, delovnemu invalidu ne preneha delovno razmerje."
24,"Interes republiškega zavoda za zaposlovanje za čimprejšnjo delovno rehabilitacijo in zaposlitev teh delovnih invalidov, je potrebno zagotoviti z delno obremenitvijo pri izplačevanju nadomestil plače."
25,"Zakon v nasprotju s temi predlogi, ki so bili ob predlogu za izdajo zakona, ne daje nobene podlage za ekonomsko vzpodbujanje zaposlovanja posameznih delovnih invalidov."
10,Edina olajšava je v 243. členu organizacijam za zaposlovanje invalidov.
20,V podobnem smislu je potrebno kot kriterij za zmanjšanje in odpis prispevkov v 225. členu vpeljati zaposlovanje posameznih delovnih invalidov.
6,Možne pa so še druge rešitve.
38,"V petem poglavju o pravici delovnih invalidov II. in III. kategorije je potrebno, razen ne dovolj obvezujočih določil v 138. in 104. členu opredeliti določila o zadolžitvi pokojninskega zavoda, da spremlja uresničevanje pravic delovnih invalidov glede poklicne rehabilitacije."
12,Potrebna so določila zakona o izgrajevanju mreže zavodov za izvajanje poklicne rehabilitacije.
26,"V 265. členu je zato tudi potrebno predpisati, da je v vseh primerih ugotavljanja preostale delovne zmožnosti v sestavu izvedenskih organov potrebno vključiti strokovnjake medicine dela."
2,162. člen.
15,V tem členu je potrebno dodati pravico do varstvenega dodatka tudi za uživalce predčasne pokojnine.
13,"Razloge sem navedel že v pripombah k 39. členu, kolikor ste uspeli slediti."
2,294. člen.
42,"Ta člen naj bi razreševal problem ljudi, ki so že prejemali nadomestilo na zavodu za zaposlovanje kot brezposelni ali so ostali brezposelni brez svoje krivde in ki jim ob uveljavitvi tega zakona manjka največ 5 let starosti do izpolnitve pogojev za upokojitev."
11,Ti bi se lahko upokojevali po starih predpisih oziroma sedaj veljavnih.
50,"Ker je ta pravica odmerjena le na tiste ljudi, ki bodo do 31.12.1991 registrirani kot brezposelni, ta ureditev ne rešuje probleme vseh tistih delavcev, ki sicer izpolnjujejo zdaj ali v naslednjem letu potrebno delovno dobo za predčasno pokojnino, se pravi 35 oziroma 30 let delovne dobe, pa nimajo potrebne starosti."
27,Od 1.1.1992 se bo namreč starostna meja zviševala in veliko število sedaj že trajnih presežkov delavcev v podjetjih ne bo imelo možnosti za upokojitev po starih predpisih.
22,"Zato predlagam uveljavitev te pripombe tudi za delavce, ki so bili do 31.12.1991 že z dokončnim sklepom podjetja opredeljeni kot trajni presežek."
31,"V 295. členu. 295. člen osnutka določa način, kako se prevedejo pravice delavcev s spremenjeno delovno zmožnostjo in neposredno nevarnostjo za nastanek invalidnosti, delovno zmožnostjo in neposredno nevarnostjo za nastanek invalidnosti."
27,"Osnutek odpravlja kategorijo spremenjene delovne možnosti, zato je potrebno v zakonu določiti prevedbo statusa teh invalidov po uradni dolžnosti, ne pa le po zahtevi samega uživalca pravic."
74,"Zdi se mi, da je bilo, če lahko na splošno ocenim, ta zakon o pokojninskem in invalidskem zavarovanju dosti pripomb od predloga do osnutka upoštevanih in glede na to se mi zdi, da ima ta zakon skoraj okroglo 300 členov, da so ti pripravljalci tega osnutka torej tudi opravili veliko delo in bi prosil, da bi te stvari, ki sem jih tukaj iznesel, upoštevali pri predlogu, da bi imeli opravka s čim manj amandmaji."
1,Hvala.
3,Gospa Nevenka Ahčan.
3,Hvala za besedo.
22,"Veliko besed je bilo že izrečenih danes o invalidih, zato mi dovolite, da bom poročilo Komisije za vprašanja invalidov resnično zelo skrajšala."
35,"Naša komisija je ocenila, da je zakon od predloga za izdajo zakona do osnutka kvalitetno dopolnjen, da so bile upoštevane že mnoge naše pripombe, sicer pa, da je preglednejši in bolj jasen v posameznih določbah."
6,To je kot načelna ugotovitev komisije.
22,"Po mnenju komisije pa še vedno premalo poudarjamo poklicno rehabilitacijo, ki je v razvitem svetu tretirana kot ekonomska, ne kot socialna kategorija."
15,"Očitek gre torej, da je premalo vgrajen sistem, ki bo spodbujal oziroma stimuliral poklicno rehabilitacijo."
21,"Več o tem piše v našem pisnem poročilu in mislim, da je tudi gospod Muren danes na ta problem že opozoril."
10,"Najmanj, kar komisija predlaga pri tem, je črtanje besede 'lahko'."
24,"Tam piše, da SPIZ lahko nekaj, v 96. členu, vendar predlagamo, da se ta poklicna rehabilitacija resnično vnese v zakon tako, kot sem rekla."
22,"Drugo, kar poudarjamo, so nadomestila zaradi manjšega osebnega dohodka na drugem ustreznem delu, kar je govora v 133.in 134. členu zakona."
23,"Namreč, zavedamo se, da nikoli ne bo za vse prav za tiste delovne invalide, ki dobivajo nadomestilo za dela na drugem ustreznem delu."
34,"Predlagamo pa, da se do naslednje seje vsaj Komisiji za vprašanja invalidov predoči, ali skupščini, ne vem, kako bodo to naredili, skratka izračuna nadomestil po različnih predpisih, ki so veljali v zadnjih desetih letih."
16,"Vemo, da se je ta sistem menjal, s preračunom na model, ki je predlagan v osnutku."
24,"Želeli bi, da bi bil model čimbolj pravičen, in če se bo le dalo, čimbolj trajen, da ne bomo to na vsako leto spreminjali."
21,"Tretje, kar je bilo izrecno poudarjeno, je pa v zvezi s 149. členom v zvezi z dodatkom za pomoč in postrežbo."
48,"Izvršni svet je že doslej delno upošteval predlog Komisije za vprašanja invalidov pri določitvi odstotka, vendar pa predlagamo, da se naj pred 70 % napiše beseda najmanj, kajti morda pa se bo enkrat le izboljšal naš ekonomski položaj v naši državi in bo za invalide tudi lahko kaj bolje."
36,"Vsekakor pa naj preučijo, da se zakonsko uredi predlog za tako imenovani ekstra dodatek, torej tu ne gre za kakšno širjenje pravic, saj ta ekstra dodatek že doslej opredeljuje dosedanji statut Skupnosti pokojninskega in invalidskega zavarovanja."
25,"Ta dodatek se namreč namenja za zavarovance, ki imajo poleg osnovne invalidnosti, torej bolezni, telesne okvare in drugo npr. slep, pa je še brez nog."
21,"Taka določba ocenjujemo, da je strokovno utemeljena in bi konkretno prispevala k perspektivni uveljavitvi te pravice po že veljavnih evropskih standardih."
5,Ne bi naštevala drugih pripomb.
5,Imamo jo na 64. člen.
14,"Zavedamo se, da zavisi od 51. člena, kako se bomo odločili in jo povezali."
33,"Podpiramo pri 130. členu se zavzemamo za osnovno besedilo, imamo pa potem še pripombe na 273., 275., 298. člen, ampak to vse piše v našem pisnem poročilu, da ne bi še enkrat ponavljala."
2,Hvala lepa.
1,Hvala.
3,Gospod Janez Remškar.
3,"Spoštovane kolegice, kolegi!"
27,"Poročilo Komisije za družino bi podal v pisni obliki, z ozirom na to, da so stališča s Klubom SKD zelo podobna, da vas ne bi preveč zamudil."
18,"Pripombe Kluba SKD so pa skoncentrirane predvsem na dva člena, predvsem bi pa opozoril na ta 51. člen."
8,V zvezi s tem se je izoblikovalo mnenje.
48,"Ko razpravljamo o tem osnutku o pokojninskem in invalidskem zavarovanju oziroma o tem, kako zagotoviti materialno varnost starejšim, ne smemo pozabiti, da materialne varnosti ne more zagotoviti zgolj samo pokojninski zavod in kapital, ki ga za ta namen odvajamo oziroma zbiramo, ampak predvsem ljudje, ki ustvarjajo nove vrednote."
23,"Zato moramo istočasno, ko razmišljamo o merilih za pokojninsko in invalidsko zavarovanje, razmišljati nujno tudi o tistih, ki naj bi ta sredstva ustvarjali."
15,"Mnogi od teh pa so danes še otroci, ali pa se sploh še niso rodili."
30,"Še posebno zgovoren je podatek, da se je v zadnjih desetih mesecih letošnjega leta v Republiki Sloveniji upokojilo 40.000 ljudi, v tem času pa se je rodilo vsega 20.000 ljudi."
28,"To pomeni, da se bo razmerje med zaposlenimi in upokojenci, ki je danes že približno 2:1, v prihodnosti še spreminjalo v nakazani smeri, saj smo Slovenci star narod."
26,"Ta proces je nujno vsaj zajeziti, zato pa je potrebno, da imajo zakoni, ki jih sprejemamo, vgrajene spodbude za tiste, ki imajo in želijo imeti otroke."
18,Prav gotovo je možno in hkrati nujno take vzpodbude vgraditi tudi v zakon o pokojninskem in invalidskem zavarovanju.
46,"Strinjamo se, naj novi zakon ukine razlikovanje med zavarovanci in zavarovankami na osnovi spola, kar je skladno z direktivo Sveta Evrope o izvedbi načela enakega obravnavanja moških in žena in uvede poseben položaj za matere, kar pomeni, da bi nova zakonodaja priznala kategorijo materinstva oziroma starševstva."
35,"Konkretna pripomba k 51. členu podpiramo smer, ki je nakazana v varianti in variantnem dodatku 51. člena, saj ta omogoča odpravo diskriminacije na osnovi spola, razen če gre za varstvo žena v zvezi z materinstvom."
9,"Vendar pa menimo, da je potrebno varianto še dopolniti."
23,"Vsak otrok je namreč za narod dragocen, zato naj povečanje pokojnine velja za vsakega otroka, ne le za tri, kot sedaj predvideva osnutek."
48,"Dodatno bi imeli pripombo še k 216. členu, in sicer v sledečem smislu: v osnovi rešitev podpiramo in sicer rešitve, ki so podane v tem členu, hkrati pa opozarjamo na odprto vprašanje in sicer, koliko let zavarovalne dobe se lahko dokupi na način, ki ga ta člen določa."
7,Osnutek zakona namreč ne postavlja nobenih omejitev.
12,"V mislih imamo predvsem tiste, ki so služili vojaški rok različno dolgo."
29,"Menimo, da bi bilo mogoče dokupiti dobo, ki jo je zavarovanec prebil na služenju vojaškega roka, zmanjšano za 6 mesecev, kolikor sedaj traja ta vojaška dolžnost v Republiki Sloveniji."
22,"Pri tem posebej poudarjamo, da bi v tem primeru prispevke za pokojninsko in invalidsko zavarovanje morala pokriti Republika Slovenija, ne pa posameznik."
2,Hvala lepa.
2,Hvala lepa.
2,Leopold Drame.
4,Spoštovane poslanke in poslanci!
10,"Imel bi pripombo, k 58. členu, ki podaljšuje delovno dobo."
88,"Mislim, da je 40 let dela dovolj za moške in pa 35 let,tako kot predvideva predlog za polno delovno dobo dovolj in da ne bi bilo pošteno da bi bila zdaj ta generacija spričo tega, ki se zdaj pač na silo število upokojencev tako dopolnjevalo ali pa večalo, da bi zdajle na ta srednja generacija žrtev tega, ki se ji bo delovni čas, ki smo skoraj mi tam, ko bomo začeli korakati in da bi se nam delovna doba podaljševala preko 40 let na podlagi starostne dobe."
20,"Zato mislim, da se v tem smislu ta 38. člen izpopolni ali pa dopolni, da ostane tako, kot sem rekel."
49,"To bi utemeljil s tem, da sedaj ni dovolj delovnih mest, da bi bil razlog, da se povečuje delovna doba, verjetno pa jih še vpričo dogodkov, ki so, tako vsaj stroka ekonomska predvideva, da še teh zadnjih deset let ne bo te možnosti, da bo obilica za možnost zaposlitve."
23,"Podprl bi tudi 39. člen, ki ga je naša skupina obrtnih delegatov podala, ki tej predčasni upokojitvi, kot je kolega Rogina že raztolmačil."
92,"Predlagatelju zakona o pokojninskem in invalidskem zavarovanju pa bi dal eno pobudo, da nam mogoče, vsaj obrtniki smo bili vrsto let pogodbeni zavezanci, ki si nismo mogli, ni nam bila dana možnost, da si sami odrejamo, ali pa na osnovi dohodka osebni dohodek in zato smo bili nekje pogodbeno zavarovani, to mislim, da je bilo med leti 1976-82 in s tem smo bili seveda kar precej prikrajšani na višino potem odmerjene pokojnine, ker nismo mogli, nam ni bila ta dana možnost, da si sami režemo tisti kos, ki bi nam pripadal."
2,Hvala lepa.
4,Jaša Zlobec ima besedo.
2,Lep pozdrav!
18,"Naša stranka je bila pripravila izdelana stališča o osnutku zakona, ki vam jih ne bi v celoti bral."
7,Ampak bi samo dva poudarka ven vzel.
28,"Pri tem bi rekel, da iz načelnih razlogov Liberalno-demokratska stranka nasprotuje podaljšanju delovne dobe in ravno tako oz. še bolj nasprotuje izenačitvi delovne dobe med moškimi in ženskami."
19,"Liberalno-demokratska stranka je prepričana, da je dobro, da v Skupščini pridejo do izraza tudi stališče in predlogi Sivih panterjev."
32,"Ker ta stranka, ki predstavlja interese velikega dela slovenskih upokojencev in upokojenk, ni zastopana v slovenskem parlamentu, so poslanci naše stranke že doslej v skupščinsko razpravo plasirali njene pobude, predloge in stališča."
31,"Omogočiti smo hoteli, da se v tej razpravi sliši glas tistih, ki že zdaj koristijo pravice iz pokojninskega in invalidskega zavarovanja in na svoji koži čutijo slabosti in napake obstoječega sistema."
44,"Osnovna izhodišča prihodnjega sistema, kot si ga zamišljajo Sivi panterji, pa so tudi skoraj identični z našimi pogledi na ureditev tega področja, in sicer na način, ki bo izhajal iz tržnega gospodarjenja in zavarovancem na tej osnovi omogočal normalno življenje in koriščenje svojih vložkov."
27,"Prav tako jih mora obvarovati usode sedanjih upokojencev, ki so praktično obravnavani kot socialna kategorija, odvisno od zmožnosti države in aktivnega prebivalstva, da jim zagotavljajo socialno varnost."
11,"Zato tudi pripombe Sivih panterjev, kot naše, vlagamo v skupščinsko razpravo."
50,"In še dve besedi o prehodnem obdobju, ki mora biti po našem mnenju jasno definirano, še zlasti z opredelitvijo virov in načinov zagotavljanja sredstev za pravice upokojencev do obdobja, ki realno lahko traja do 10 let, ko se bodo vse pravice zagotavljale na podlagi kapitalskih vložkov in njihovih tržnih donosov."
9,Pri tem je treba seveda izhajati iz sedanjega sistema.
22,"V večji meri pa je po našem mnenju že zdaj treba odpreti možnosti prostovoljnega zavarovanja, ki je v vladnem osnutku premalo dodelana."
20,"Predvsem pa v njem ni vzvodov, ki bi ljudi stimulirali v prostovoljno zavarovanje, s težnjo po prevladujoči obliki tovrstnega zavarovanja."
25,"Zakon bi že v tem trenutku moral odpreti možnosti prostega oblikovanja kapitalskih skladov, ki bi jih ljudje prosto izbirali ob odločanju za prostovoljne oblike zavarovanja."
38,"Osrednji republiški sklad, in ne zavod, saj je državo treba čim bolj izločiti iz možnosti upravljanja sredstev zavarovancev, ta sklad torej naj bo po prehodnem obdobju ekskluziven samo za zagotavljanje temeljnih pravic, za katere so ljudje obvezno zavarovani."
24,"Glede prostovoljnega zavarovanja, pridobivanja teh zavarovancev, določanje pogojev zavarovanja in višine pravic iz njega, pa naj svojo učinkovitost in uspešnost gospodarjenja dokazuje na trgu."
1,Hvala.
2,Hvala lepa.
9,Gospod Janez Erjavec iz Zveze društev upokojencev iz Slovenije.
16,"Ker je Jaša omenil Sive panterje, je prav, da zdaj še slišimo nekaj stavkov od njih."
3,Povabljen je bil.
5,"Spoštovani gospod predsednik, spoštovani poslanci!"
4,Hvala lepa za povabilo.
21,"Zveza društev upokojencev Slovenije je že v pripravi zakona, osnutka zakona sodelovala in njene pripombe so bile v določenem obsegu upoštevane."
13,"Sodelovali smo tudi v komisiji Izvršnega sveta, ki je imel nalogo pripraviti zakon."
22,"Dali smo tudi 15. oktobra pismene pripombe, gospoda predsednika sem slišal, da so bile te naše pripombe razmnožene in da jih imate."
26,"Vendar bi želel opozoriti na 5 teh naših pripomb,ki so bile dane 15. oktobra oz. vas nekako zaprositi, da se vsaj za te rešitve zavzamete."
5,Prvo je vprašanje 5. člena.
29,"V 5. členu bi po našem mnenju bilo potrebno, da se jasno pove, da so sredstva za pokojninsko zavarovanje oz. za pokojnine sredstva osebne porabe, ne pa splošne porabe."
29,"V preteklosti je bilo prav zaradi tega pojma, kaj so sredstva za osebno porabo, precej težav, ker od vsaki splošni porabi so se tudi sredstva za pokojnine avtomatično zniževala."
16,"V sedaj veljavnih predpisih ta določba je, se pravi, naj bi se prevzela tudi za naprej."
32,"Drugo, prav tako v zvezi s 5. členom, je, da naj bi ta člen določal, da Republika Slovenija jamči za sredstva, ki so potrebna za izplačevanje pokojnin in drugih dajatev tega zavarovanja."
34,"Tu ne mislimo, da bi takrat, kadar sredstev v skladu oz. v Zavodu za pokojninsko in invalidsko zavarovanje zmanjka, bilo ta manjkajoča sredstva treba nadoknaditi iz republiškega proračuna, ker vemo, da to ni mogoče."
31,"Menimo, da bi morala biti v tem zakonu določena dolžnost republike, da v takem primeru na nek način sredstva zagotovi s pomočjo kreditov, ali z drugačno prispevno stopnjo tudi tekom leta."
4,Se pravi med letom.
24,"Druga zadeva je vprašanje odmere družinske pokojnine tistim vdovam in vdovcem, ki imajo določeno količino tudi lastne pokojninske dobe oz. celo že lastno pokojnino."
37,"Zadnja leta je bilo predvsem na Primorskem in pa na Štajerskem veliko predlogov oz. zahtev, da se podobno kot v Avstriji in v Italiji vdovam, predvsem vdovam, ki imajo tudi pravico do lastne pokojnine, izplačujeta obe pokojnini."
25,"Mislim, da je Skupščina Republike Slovenije o tej zahtevi svoj čas razpravljala in zavzela stališče, da bi to ne bilo v skladu z našim sistemom."
18,"Strinjamo se s tem, s tako odločitvijo, da bi bilo izplačevanje dveh pokojnin od istega zavarovanja neustrezno, nesistemsko."
22,"Menimo pa, da bi bilo prav, da bi se zakoncu, ki ima določeno količino lastne pokojninske dobe, odmera družinske pokojnine nekoliko povečala."
30,"Konkretno v tistem našem predlogu imate, če ima 10 do 15 let, naj bi odmera ne bila 70, ampak 75 in potem postopno pri 35 letih 100 % odmera družinske pokojnine."
23,"To bi bil en nadomestek za tisto, kar zavarovanci in pa že upokojenci predvsem iz Štajerske in tudi iz drugih predelov, stalno zahtevajo."
15,"Zadnjih 14 dni sem bil precej na terenu in smo ravno obravnavali zakon, tale osnutek."
18,"Moram reči, da na osmih razgovorih, kjer sem bil, je bilo to vprašanje sproženo predvsem s strani vdov."
6,"Naslednje vprašanje je, vprašanje usklajevanja pokojnin."
51,"S spremembo zveznega zakona lansko leto konec julija, potem s spremembo republiškega zakona še 26. člena jeseni in pa v letošnjem letu,je prišlo do primerjanja starostne pokojnine, povprečne starostne pokojnine, preračunane na polno delovno dobo, s povprečnim osebnim dohodkom s tem, da naj bi bilo to razmerje 85 proti 100."
9,To razmerje je doseženo; celo nižje je od tega.
27,"Zaradi teh sprememb so se povprečne pokojnine znižale za dobrih 20 % oziroma za 21 % in povprečna starostna, ne preračunano na polno pokojninsko dobo, je manj kot 74 %."
11,Po pokojninski dobi v povprečju bi morala biti nekaj nad 77 %.
47,"Mislimo, da je prišel čas, da bi se 157. člen črtal in da bi se še nadalje ne zmanjševalo to razmerje, ker če bo ta ostal, čeprav je rečeno, ne pod 85 %, mislim,da bo povprečna starostna pokojnina prišla že v letošnjem letu na okrog 70, 72 %."
40,"Ne mislimo, da je možno to, kar je bilo zdaj odvzeto, da uporabim to besedo, vrniti, ne, to razmerje naj ostane takšno, kot je in naj se naprej redno povečuje tako, kot so ostale določbe, predvsem 159. in 160. člena."
19,"Pri 274. členu, pri pristojnostih skupščine zavoda, bi opozoril na naše pripombe k 13., 31., 163. in 237. členu."
13,"Tam je določeno, da podzakonske akte izda republiški upravni organ, pristojen za delo."
24,"Menimo, naj bi vse te podzakonske akte, potrebne za izvajanje zakona, izdala Skupščina Republike Slovenije po dobljenem mnenju republiškega upravnega organa, pristojnega za delo."
32,"Mislim, da je sestav Skupščine tak, da bo objektivno presojal vse te kriterije za podzakonske akte in da je strokovna služba zavoda tudi toliko strokovna, da bo lahko najkvalitetnejše pripravila te predloge."
32,"V 275. členu, ne vem, ali je hote ali pomotoma, pri sestavi upravnega odbora zavoda za pokojninsko in invalidsko zavarovanje izpadla beseda, da imajo tudi uživalci pravic svoje predstavnike v tem odboru."
11,Predstavnik upokojencev in pa delovnih invalidov bodo imeli predstavnike v Skupščini.
11,"Menimo, da je logično, da so predstavniki tudi v upravnem odboru."
24,"Sicer pa menimo, da je nov osnutek tak, da je neprimerno boljši od prejšnjega predloga in da je zrel z določenimi popravki za sprejem."
19,"Vsekakor želimo, da bi bil zakon sprejet tako, da bi se lahko začel uveljavljati oziroma izvajati 1. januarja 1992."
2,Hvala lepa.
4,Besedo ima gospod Prelovec.
1,Spoštovani!
22,"Nedvomno imamo pred seboj zakon, ki izhaja iz nekakšnega ekonomsko-socialnega modela in za obdobje, v katerega prihajamo mislim, da je prav tako."
23,"Če bi se vprašali, kaj z ekonomskim modelom želimo, bi verjetno prišlo v poštev to, da bi se pokojnine podedovale po družinskih članih."
26,"Ker pa smo rekli, da je to socialni model in za dobo, v katero prihajamo, je prav, da je, potem moramo temu dati tudi svojo težo."
6,Kot obrtnik moram povedati naslednje stvari.
37,"V obrtni se je začelo redno zavarovanje v letu 1965, imamo pa zelo veliko obrtnikov, in to še danes aktivnih, ki so delali pred tem pet ali še več let, vendar tega zaradi zakonodaje niso bili deležni."
75,"Glede njihovih prispevkov in davščine, ki so po drugih kanalih tekli v žepe družbe, mislim, da bi se moral v ta zakon vsekakor vkomponirati, nekje vstaviti člen, ki bi tem obrtnikom na osnovi obrtnega dovoljenja, ki je bilo izdano pred datumom 1965. 1. januar, da bi se njim avtomatsko priznalo delovno dobo, pa ne po 214. členu, ki predvideva odkup te delovne dobe, ampak bi mu morala država priznati to obdobje kot polno delovno dobo."
5,To je moja ekzaktna pripomba.
22,"Pri 38. oziroma pri 39. členu, o katerem sta že diskutirala dva moja predhodnika, bi mogoče kazalo kaj več povedati o temu."
65,"Tu se predvideva oziroma mi smo dali že pripombe, da naj bi se obratovalnice, ki so kakorkoli nehale obratovati, pa naj bo to zaradi stečaja, ali zaradi drugih višjih sil in da v njih zaposlujemo delavce, katerim manjka dve leti ali tri leta do polne pokojnine, da bi se njim avtomatsko priznali ti dve leti in se jih regularno upokojilo, brez da bi bili oškodovani."
46,"Namreč, točno vemo, da 58 let starega delavca, ki je zaradi stečaja majhne obrtne delavnice, ki tako ali tako iz nje ne bo nobenih sredstev, da bi temu človeku lahko karkoli dala, takega človeka bo težko kdo zaposlil, zaradi tega bi to kazalo regulirati z zakonom."
56,"Potem je še ena kategorija obrtnikov, ki so zaradi, kot smo danes slišali od mojega kolega obrtnika tudi, Drameta, vsa leta skozi plačevali takšne prispevke, kot so bili predpisi za obrt, ne glede na to, koliko so oni sicer prispevali potom davkov in vsega družbi, ti predpisi pa so bili takšni, da se je plačevalo minimalno."
20,"Danes bodo ti ljudje šli v pokoj z izredno majhno pokojnino, pa čeprav z 43 ali 45 let delovne dobe."
39,"Govorim namreč o priznavanju tistega procenta, ki bi šel preko dobe, to se pravi, da bi vsaj tam nekaj pridobil, ko bi imel 41, 42, 43 ali 44 let delovne dobe, da se mu tam poviša za tisti procent."
17,"To so moje pripombe, verjetno je še kaj, vendar bomo potem z amandmaji poskušali bolj precizno urejati."
2,Hvala lepa.
2,Hvala lepa.
5,Zdaj je nekako izčrpana razprava.
5,Jaz bom še nekaj povedal.
3,Imam dvoje vprašanj.
22,"Jaz bi se zlasti na novinarje obrnil, da bi to, kar bom zdaj predlagal, z neko rezervo in občutljivostjo vzeli na znanje."
47,"Tam je bilo, npr., ker sem tak, ki rad povem tisto, kar mislim, in bi rad vseeno to tudi povedal, nanaša se pa na ta zakon, je naslednje. 240. člen, ki ga je gospod Murn načel, kjer gre za pokojnine - bom rekel po starem - pod ugodnejšimi pogoji."
21,"Predlagal bi, da v Izvršnem svetu razmislijo, da bi vstavili novo 4. alineo s tem, da bi vključili poslance republiške skupščine."
30,"To ne samo zaradi tega, ker bomo mi kmalu odšli in po vsej verjetnosti ne bo za nas toliko pomembno, ampak gre predvsem za tiste, ki bodo za nami prišli."
18,"In menim, da morajo tisti, ki bodo kandidirali in potem tudi, ki bodo izvoljeni, imeti zagotovljen varnostni položaj."
12,"Potem bodo oni tisti pravi, ne pa takšni, kot smo mogoče sedaj."
5,Tu je še veliko razlogov.
15,In zato bi vseeno dal tudi to razmišljanje v premislek ministrstvu in pa Izvršnemu svetu.
11,"Mislim, da smo takšni, da za sebe zelo težko kaj rečemo."
14,"Sem pa med tistimi, ki moram tudi za vas in za sebe kaj reči."
5,Zato prosim novinarje za občutljivost.
5,Potem je pa še drugo.
21,"Dolgo sem razmišljal glede na dopis, ki smo ga prejeli, in sicer od Društva mobiliziranih Slovencev v nemško vojsko 1941-1945."
21,"Ti fantje, ki so bili v nemški vojski, so zopet prizadeti in zanimivo je, da o tem tu ni bilo razprave."
3,Pravzaprav me preseneča.
55,"In zato bi podprl to njihovo stališče, kjer predlagajo, da predloženi osnutek zakona o pokojninskem in invalidskem zavarovanju pred sprejemom popravimo tako, da se njim priznajo enake pravice, kot vojakom, ki so služili pod zastavo Kraljevine Italije, vključno z izenačevanjem pravic invalidov iz njihovih vrst z ostalimi, ki so bili udeleženi v drugi svetovni vojni."
38,"Ker tu niso prejeli nobenih odgovorov, menim, da bi bilo tudi v zvezi s tem prav, da razmislijo v Izvršnem svetu in če je upravičeno, ne gre seveda za veliko število teh ljudi, da se te zadeve uredijo."
4,Želi še kdo razpravljati?
22,"Zdaj pa gospa Nataša, saj ni treba, da bi na vse odgovorili, ker vsebine je veliko, verjetno pa na nekaj zadev lahko."
14,"Pripomb je bila cela vrsta, tako da je težko odgovoriti na večino teh pripomb."
7,Na nekaj bi se pa le dalo.
14,"Prvo, s čimer se je začelo, je gospod Zabukovec govoril o zavarovanju pridobljenih pravic."
11,"Mislim, da okoli teh pridobljenih pravic je treba reči nekaj besed."
21,"To, kar je bilo pridobljeno po stari zakonodaji v takem obsegu kot je bilo pridobljeno, v te pravice zakon ne posega."
17,"Jih pušča pri miru, kar pomeni, da pridobljene pravice, take kot so, gredo v tem okviru naprej."
64,"Mogoče bi bilo treba v zvezi s to prehodno določbo 291. člena povedati tudi še to, da predvidevamo, da vsi tisti, ki bodo tekom letošnjega leta izpolnili pogoje, to se pravi, oziroma do uveljavitve zakona, računamo, da naj bi zakon začel veljati s 1. 1., vsi ti gredo lahko še pod temi starimi pogoji tudi v naslednjem in v vseh naslednjih letih v penzijo."
24,"Skratka, ni nobenega roka, ki bi omejeval te, ki želijo iti v pokoj po starih predpisih, če so te izpolnili letos v naslednjem obdobju."
17,"Skratka, nobenega ne silimo, da to naredi v naslednjem letu, lahko tudi čez dve ali tri leta."
27,"To se mi zdi pomembno, da ne bomo teh prepričanj zbujali med ljudmi, da morajo hitro izkoristiti to pravico v naslednjem letu, ker drugače jo bodo izgubili."
19,Potem bi morali ločiti razprave in pripombe glede na podaljšanje starostne dobe in pa glede na podaljšanje delovne dobe.
50,"Mi delovne dobe dejansko ne podaljšujemo, razen posredno pri tistih, ki so šli v delovno razmerje s 15. letom in torej ne dosegajo tistega drugega pogoja, ki do sedaj ni bil predpisan, skratka, nimajo še 53 oziroma 58 let - 53 če gre za žensko, 58 let, če gre za moške."
11,"Lahko so mlajši, ker so šli bolj zgodaj v delovno razmerje."
18,"Okoli tega se bo potrebno še posebej pogovarjati in je vprašanje, če mogoče ta določba resnično ni krivična."
10,"Reči moram, da sistemi po Evropi ne poznajo obeh omejitev."
6,Drugo je podaljševanje same starostne dobe.
13,"Starostna doba se podaljšuje na 58 in 63 let, če govorimo za moške."
16,"Gre za starostno dobo, ki jo mora nekdo imeti, s tem, da je 20 let delal."
8,Tu pa je treba upoštevati tudi naše razmere.
19,"Eden od delegatov je rekel, da smo v bistvu Slovenci star narod in dejansko naša življenjska doba se podaljšuje."
24,Podaljšuje se življenjska doba povsod po Evropi in skladno s tem se podaljšuje tudi povsod po Evropi ta pogoj starosti za odhod v penzijo.
10,Drugod po Evropi imajo to kar na 65 let opredeljeno.
11,"Mi imamo na 63 oziroma na 58, če gre za ženske."
16,"Se pravi, da smo še vedno pod tisto starostjo, ki jo Evropa zahteva ob enakih pogojih."
9,Še nekaj je treba reči v zvezi s tem.
10,"Govora je bilo o prehodnem obdobju, o posebni prehodni določbi."
34,"Ta prehod je narejen s tem, da se bo postopoma ta starostna doba povečevala, da se začne s sprejemom zakona vsako leto po pol leta in da bi se praktično uveljavila z letom 1997."
15,"Torej, to podaljšanje za pet let starosti bi začelo veljati 1997 leta, vmes pa postopoma."
16,"Enako tudi za to predčasno pokojnino, ki je bila tudi omenjena v zvezi s temi pogoji."
31,"Moramo reči, da se zaostrujejo pogoji za predčasno pokojnino in verjetno se morajo zaostriti, ker samo v letošnjem letu smo dobili preko 9.000 ljudi na novo upokojencev, pod firmo predčasne upokojitve."
9,"Gre za zelo mlade upokojence, da rečem pod narekovajem."
7,V bistvu so to relativno mladi ljudje.
29,"In mi problema zaposlovanja mladih in te nove generacije ne bomo mogli reševati s tem, da bomo vse, ki so nekoliko starejši od 50 let, takoj poslali v pokoj."
9,Treba bo preko ukrepov aktivne politike reševati te probleme.
12,"Moram reči, da kolikor pač pade na naš resor, jih tudi rešujemo."
5,"Skratka, mehanizmi morajo biti drugje."
10,V zvezi s kmečkim zavarovanjem je bilo nekaj rečenih besed.
12,"Kmečko zavarovanje, problem teh malih kmetov, problem visokih prispevkov je bil izpostavljen."
20,"Ravno zaradi teh visokih prispevkov, na katere je kmečka populacija ves čas opozarjala, gremo mi na to možnost prostovoljnega zavarovanja."
18,"Da tistega, ki nekako socialno ne bo mogel zagotoviti plačila tega svojega prispevka, ne silimo v obvezno zavarovanje."
16,"Prispevki so bili za kmete res visoki, čeprav verjetno še vedno niso bili v celoti plačani."
15,"Treba je vedeti, da delavci, obrtniki plačujejo prispevek iz naslova delavca in iz naslova delodajalca."
15,"Skratka, če rečemo, dvakrat po 14%, medtem ko kmetje samo enkrat, samo iz naslova delavca."
11,"Ne glede na to, še vedno težko nekateri te prispevke zmorejo."
24,"Treba se bo pogovarjati o tem, da bi tem kmetom in tem, ki prispevkov ne zmorejo, pač bil problem njihovega prostovoljnega vključevanja pod vprašanjem."
54,"Ali se tem krije, ali se jim dodajo neke možnosti ali pa se v okviru celotnega reševanja kmečke problematike vzpodbujanja kmetijstva, vzpodbujanja nekaterih oddaljenih odročnih hribovskih in takih kmetij, ki so ekonomsko manj uspešne, manj zanimive, da se jim preko teh mehanizmov lahko nekaj doda oziroma da se jih v smislu beneficiranja lahko subvencionira."
7,S tem lahko subvencionira tudi to zavarovanje.
28,"To zavarovanje v tem primeru mora nekdo plačati, in kolikor se bo ta država opredelila za tak način, bo pač morala ta država tudi prispevati za to populacijo."
8,Mimogrede je bil izpostavljen problem uživalcev posebnih pokojnin.
13,In na koncu je gospod Zupančič govoril o teh penzijah pod ugodnejšimi pogoji.
10,"Reči moram, da posebnih pokojnin s tem zakonom ne urejamo."
25,"Mi govorimo, vse kar je na tem področju, govorimo samo o tem, da te prispevke za posebne pokojnine nosi republika, to se pravi njen proračun."
17,"Kakršenkoli poseg v posebne pokojnine, v neke ugodnejše pogoje bo treba uveljavljati s posebnimi zakonodajami oziroma reševati."
9,Omenjeni so bili tudi ti udeleženci grške državljanske vojne.
22,"Res mogoče nekoliko smešno in neprimerno se izpostavlja v teh alineah, jaz sedaj tudi ne vem natančno, koliko jih je v Sloveniji."
64,"Ampak dejstvo je, da so udeleženci grške državljanske vojne, španske vojne, vojni veterani, za katere se je ta država tudi s pogodbami in konvencijami opredelila, da bo krila njihove pravice, da so to obstoječe pravice in glede na to, da je ta generalna opredelitev, o kateri sem govorila na začetku, ta, da mi v pridobljene pravice ne posegamo, se pravi, jih zagotavljamo do konca."
12,"Teh ljudi je malo in tudi vemo, kdaj so te vojne potekale."
8,Tu gre v bistvu za zelo stare ljudi.
11,"V te pravice ne posegamo, jih pa zagotavljamo z republiškim proračunom."
19,"Bilo je rečeno, da so razkošne pokojnine v smislu te možnosti 3,5-kratni znesek povprečne plače na zaposlenega v republiki."
7,O tem bi se dalo tudi pogovarjati.
7,"Trenutno je ta 3,5 kratnik 30.904 tolarje."
5,To je najvišja možna pokojnina.
12,"Teh pokojnin je okoli 1%, mislim, da je celo nekoliko pod 1%."
13,"Poslanka, ki je to omenila, je dejala, da tega v Evropi ne poznajo."
25,"V Evropi ne poznajo teh limitiranj pokojnin, zaradi tega ponekod teh limitiranj sploh ne poznajo, ponekod pa niti ne more priti, ker poznajo druge limite."
10,Tam se prispevek za zavarovanja plača samo do določene vsote.
11,"Skratka, limitiran je prispevek od višine plače, ki ga zavarovanec plača."
20,"Vse kar gre čez tisto plačo, pa potem zavarovanci lahko plačujejo preko prostovoljnega zavarovanja v različnih zavarovalnicah ali različnih skladih."
43,"Ti ljudje, ki dosežejo to raven najvišje pokojnine, bi nekateri tudi čez to raven 3,5 prišli, ker so pač vse življenje ali del življenja plačevali od svoje osnovne plače višje prispevke in glede na to, se jim tudi pravica na višjem nivoju odmeri."
12,Potem je bilo govora o jamstvu države za osnovne pravice iz proračuna.
8,Okoli tega smo se na vladi precej pogovarjali.
15,"Verjetno, ker je bilo v razpravah danes nekaj zahtev, se bo treba še enkrat pogovoriti."
11,Omenjeno je bilo veliko število vojaških zavarovancev v zvezi s tem.
14,"Samo to bi rada odgovorila, da teh 430.000 vojaških upokojencev je številka za Jugoslavijo."
9,Od tega za Slovenijo odpade tam okoli 6.000 ljudi.
19,"To je tisto, kar bo Slovenija pokrila glede na državljanstvo in glede na stalno prebivališče, je bistveno majhna številka."
31,"Mislim, da bo problem vojaških upokojencev tudi v Črni gori in Srbiji, skratka v tistih republikah, ki so imele veliko ljudi v vojski pa bo tudi veliko upokojencev iz tega naslova."
6,Pravno varstvo pravic v prehodnem režimu.
47,"Jaz se moram v imenu predlagatelja opravičiti, da je dejansko izpadla tista prehodna določba, ki govori o tem, da za enkrat tu še vedno deluje sodišče združenega dela, dokler ne bo nov sistem pravosodja na novo zaživel in se bo videlo, kdo je pristojen za to področje."
15,V zvezi s poklicno rehabilitacijo in s tem problemom invalidov je bilo tudi več razpravljalcev.
16,"Poklicna rehabilitacija je problem, ki ga ni mogoče reševati v okviru pokojninskega in invalidskega zavarovanja celovito."
13,"Gre preko ukrepov zaposlovalne politike, tudi drugih mehanizmov, ne toliko iz samega zavarovanja."
12,"Vprašanje je bilo postavljeno, koliko časa se lahko dokupi po 216. členu."
59,"Lahko se dokupi vse, kar sodi v okvir rednega služenja vojaškega roka, se pravi redno služenje je lahko bilo v nekem obdobju tudi 3 leta, če vemo, da je šlo za mornarico oziroma za nekatere posebne rodove vojske in pa redno šolanje na višjih in visokih šolah, se pravi štiri ali pet let, kjer je ta visokošolski študij daljši."
6,Pripombe Sivih panterjev oziroma pripombe upokojencev.
25,"Mislim, da je gospod Erjavec lepo povedal vključevanje upokojenskih društev, upokojenskih zvez in pa tudi upokojenskih strank je bilo v priprave tega zakona nekako izvedeno."
42,"Morem reči, da so preko zastopanja teh strank oziroma teh članov v sami skupnosti pokojninskega in invalidskega zavarovanja, vemo da je sestava sedanje skupščine SPIZ-a taka, da vključuje vrsto upokojencev, skratka, tam je ta razprava potekala in so bile pripombe ustrezno preučene."
17,"Potem tudi preko zastopanja v tej sami strokovni skupini pri Izvršnem svetu, kjer se je pripravljal zakon."
8,"Mislim, da so vsa društva imela svoje predstavnike."
6,"Bom končala, da ne bom predolga."
11,"Cel ta sklop kmečkega zavarovanja, obrti, bomo morali še enkrat proučiti."
19,"Dejstvo je, da se poznajo posledice tega in problemi tega starega nezavarovanja oziroma nemožnosti zavarovanja v določenem prejšnjem obdobju."
16,"Ljudje, ki teh možnosti niso imeli so sedaj že starejši in ne morejo priti do pravic."
12,"Vprašanje je, če bo država sposobna in pripravljena to avtomatično vsem priznati."
21,"Tu se lahko pogovarjamo o nekih pravicah in možnosti dokupa za nazaj, težko da bi to dobo tem kategorijam lahko dajali."
20,"Vemo, da je ne moremo dajati niti vojakom niti tistim, ki so študirali in še določenim drugim kategorijam tudi ne."
16,"Jaz sprejemam tudi te argumente, da so ti ljudje delali, da so plačevali davke v preteklosti."
24,"Glede teh mobilizirancev nemške vojske, to kar je bilo rečenega v zadnji fazi, da bi se izenačili s temi, ki so bili v Italiji."
14,Pripombe teh mobiliziranih nemških vojakov imamo pri nas v hiši in jih bomo preučili.
58,"S tem, da je razlika ta, da ti, ki so služili v italijanski vojski, jim je Italija kot država priznala del teh pravic na podlagi bilateralnega sporazuma in seveda, če bi nam uspelo nekaj podobnega skleniti z Nemčijo, bomo zelo veseli in v imenu teh ljudi in v imenu naše države se bomo na to temo tudi potrudili."
12,"Vprašanje je pa tudi, kaj bo rekla druga stran in drug partner."
3,Toliko za enkrat.
24,"Seveda pa bomo vse pripombe proučili še enkrat in jih upoštevali, kolikor se bo dalo in se še enkrat ob njih srečali ob predlogu."
2,Hvala lepa.
4,Jaz bi predlagal naslednje.
1,Prvič.
36,"Jasno je, da je bilo prav, da smo zadnjič preložili to točko dnevnega reda na danes, zaradi tega, ker smo jo temeljito obdelali in mislim, da imajo na tak način tudi v ministrstvu tudi drugačen občutek."
34,"Kvalitetno je bilo nesporno in zaradi tega je prav, da tudi mi danes sprejmemo, ker nihče ni razpravljal, da bi imel kaj proti osnutku zakona, tista dva naša ustaljena sklepa, ki ju moram prebrati."
9,Osnutek zakona o pokojninskem in invalidskem zavarovanju se sprejme.
2,In drugič.
9,Predlog zakona naj pripravi Izvršni svet Skupščine Republike Slovenije.
24,Pri pripravi predloga zakona naj predlagatelj prouči in ustrezno upošteva stališča in pripombe delovnih teles Skupščine in pripombe ter predloge delegatov in drugih inštitucij.
8,Želi v zvezi s tem sklepom kdo razpravljati?
5,"Če ne želi, ugotovimo prisotnost."
8,"Kdor je za predlagani sklep, naj prosim glasuje!"
3,Je kdo proti?
4,Se je kdo vzdržal?
7,"Ugotavljam, da je zbor sprejel sklep soglasno."
30,"Preden nadaljujemo z naslednjo točko, to je z osnutkom zakona o gozdovih, bi bil zato, da bi nadaljevali in bi zaključili današnjo sejo brez odmora, potem lahko greste na malico."
10,"Prebral bi vam pismo, ki ga je napisal gospod Mak."
4,Je sicer naš poslanec.
6,Zadeva predlog za razširitev dnevnega reda.
10,"""Ker mi niste dali besede, se oglašam po tej poti."
24,"Na naši zadnji seji je bila delovna skupina poslancev, ki je obravnavala lastninsko zakonodajo, zadolžena, da do današnje seje poda poročilo o svojem delu."
22,"Ker nisem imel možnosti, da ob dnevnem redu predlagam, da podamo poročilo, bi preostala samo še proceduralna možnost v točki pobude poslancev."
13,"Menim, da je tematika preveč pomembna, da bi jo obravnavali na tak način."
26,"Zato predlagam, da se dnevni red današnje 32. seje Zbora združenega dela razširi z naslednjo točko: obravnava poročila delovne skupine poslancev zakona o lastninskem preoblikovanju podjetij."
12,"Prosim, če to pismo takoj objavite in moj predlog daste na glasovanje."""
4,Jaz moram povedati dvoje.
5,Jaz nobenega pisnega poročila nimam.
30,"Drugič, ni bilo rečeno, da morajo do danes pripraviti to poročilo in tretjič, v skladu s 103. členom bomo razpravljali, ali je nujnost res tako velika, da razpravljamo o tem."
9,"Menim, da danes ni prav, da o tem razpravljamo."
3,In še naslednje.
12,"Nekateri ste že prejeli, da je naslednja seja sklicana za 13. november."
75,"Za ta dan smo morali sklicati sejo pred ostalima dvema zboroma, ne glede na sklep, ki smo ga imeli, da bi morala biti na 13. seji lastninska zakonodaja že obravnavana in možno je, da bomo 33. seji že to tudi obravnavali, če bomo dobili ta material, zaradi tega, ker moramo obravnavati predlog zakona o kmetijskih zemljišč in gozdov Republike Slovenije ter predlog zakona o prometnem davku, kjer smo mi v zaostanku za eno celo fazo."
20,"Tu Izvršni svet predlaga vsem trem zborom, da obravnavamo to že kot predlog za izdajo, to se pravi končno fazo."
13,"Zato moramo mi v skladu z roki, sem moral to sejo tudi sklicati."
16,"Če bo takrat vse skupaj pripravljeno, pa ni nobene bojazni, da ne bi takrat imeli tega."
13,"Jaz sem celo rekel, da imamo lahko takoj 14. sejo, ni noben problem."
6,"Tako, da to ni nobene ovire."
20,Zdi se mi pa da danes na vrat na nos o teh zadevah razpravljati pa se mi ne zdi vmesno.
16,"Zlasti še zaradi tega, ker se bi dalo razpravljati kdo in kje so pripravili to poročilo."
21,"In zato menim, da ni prav in lahko mi nadaljujemo s sejo tako, kot smo se pač dogovorili že prejšnjo sredo."
1,Prosim.
17,"Jaz bom zdaj dal gospodu Maku besedo, ampak moram vam povedati, da mi ni potrebno tega storiti."
3,Prosim gospod Mak.
4,"Gospod predsednik, spoštovani zbor!"
26,"Sem prihajam s tem predlogom iz preprostega razloga, ker našemu zboru, upravičeno ali ne, to naj vsak zase presodi, očitajo, da blokiramo delo na tej zakonodaji."
47,"Nisem si želel, mogoče se spominjate nekateri, da sem celo protestiral, da sem bil imenovan v skupino petih poslancev, ki naj bi razpravljali o tej zakonodaji, vendar ko sem bil določen, sem pa delo vzel resno in v tem smislu sodeloval ves čas v tem delovnem telesu."
71,"Ker smo dobili na zadnji seji našega zbora izrecno nalogo, da moramo delo dokončati do današnjega dne, do današnje seje, se mi je zdelo potrebno, da to svojo nalogo tudi izvršimo, kajti neizvršitev te naloge in da nas ta zbor ne razreši dolžnosti, bi lahko pomenilo nadaljnjo blokado, ker bi se izgovarjali, da je nas pet tistih, ki nismo nič naredili in zdaj ves vesoljni Slovenski narod čaka na nas pet."
26,"Želim, da temu ni tako in zato vztrajam na tem, da se omogoči nam petim nesrečnežem, ki smo to pač morali narediti, da damo svoje poročilo."
20,"Jasno je, da poročilo nismo mogli dati v pismeni obliki, ker je zbor imel zadnjo sejo tik pred to sejo."
47,"Dogovorili smo se, da sekretariat Skupščine to poročilo naredi, jaz upam da je pri koncu in ker pričakujem, da bi ta točka lahko bila kot ena od naslednjih, bi verjetno lahko poskrbeli, da bi naša skupina imela možnost, da v pismeni obliki takole javno poda svoje poročilo."
1,Hvala.
2,Slišali ste.
19,"Jaz mislim, da je gospod Mak korektno povedal s svojega zornega kota in jaz bi še enkrat želel naslednje."
25,"Mi smo delovno skupino teh petih poslancev izbrali kot pomoč Izvršnemu svetu, zato mora priti s poročilom Izvršni svet, če hočemo sploh kakšno poročilo poslušat."
39,"Lahko pa seveda se vas pet poslancev zbere pa napišete svoje stališče v zvezi s tem, da ste se, dobro - zdaj jaz zelo na pamet govorim - o nekaterih zadevah poenotili, da ste eni bili bolj za to in naslednje."
28,"To je vaše delo, drugače je delo Izvršnega sveta, ne pa vas poslancev, in zato vas tudi nihče v javnosti ne more bremeniti, da vi blokirate to delo."
4,To ne more biti.
9,"In na tak način, da ste to vi tisti."
47,"Mi smo v zboru, preberite sklep, naložili Izvršnemu svetu to nalogo, ne skupini, in če je to tako, potem naj oni pridejo in zato mi tega poročila tu nimamo, da bo vsak od teh petih članih govoril v svojem imenu pa se mi zdi totalno tratenje časa."
12,"Lahko ga ima kdor hoče, jaz tiste seje zanesljivo ne bom vodil."
6,In še eno bi rad povedal.
34,"Ni noben problem priti mora Izvršni svet s predlogom, ali reče definitivno, mi ostanemo pri tistem kar smo do zdaj predlagamo, ali pa reče Izvršni svet; mi umikamo dosedanji predlog in bomo dali novega."
20,"Samo to dvoje je zdaj možno, nič drugega, zaradi tega ker mi moramo imeti en predlog za vse tri zbore."
18,"In prosim, ne zdaj govoriti o tem, ali je kdo zastonj delal ali pa prehitro in tako naprej."
27,"To ni vaša, ne moja zadeva in zato sem jaz tudi lepo sklical sejo že za 13. zaradi tega, ker smo tam v zaostanku in moramo dohiteti."
10,"Tako se meni zdi korektno delo, nikakor pa ne drugače."
14,Pa to nima nobene zveze z tistim zavlačevanjem komisije in ne vem še kaj.
9,"Ker ne mi tega očitat, ker to ni res."
45,"Preprosto ni res in zato, če boste vi vztrajali, gospod Mak, z drugim jaz sploh ne razpravljam, bomo najprej glasovali o tem, ali moramo razširiti dnevni red s tem vašim predlogom, da je tako nujen, torej najprej o nujnosti v skladu s 103. členom Poslovnika."
17,"Če je res to tako nujno, moramo to danes imeti, ker nimamo nič pisnega, ampak samo ustno."
2,Samo to.
6,Zdaj pa povejte vi gospod Mak.
10,"Rad bi samo še enkrat ponovil, kar sem že povedal."
14,"Pismeno poročilo se pripravlja kot posledica našega skupnega dogovora, da vlada pripravi tako pismo."
14,"Torej, to je v skladu z zahtevo gospoda predsednika, da to pismo da vlada."
50,"Torej, po sporazumu z nami, skupino poslancev, vlada ta trenutek pripravlja poročilo in mislim, da je z ozirom na polemiko v javnosti dovolj nujno, da o tem razpravljamo, ker ne mislim, da bomo razpravljali o zakonu, ampak poslušali poročilo skupine poslancev in s tem omogočili proceduralno, da bo zadeva stekla."
1,Hvala.
1,Hvala.
21,"Predlagal bi naslednje, da glasujemo o tem prvem, ali je res to takšna nujna zadeva, da jo damo na dnevni red."
13,"Ker potem bomo šele razpravljali o tem, ali jo vključimo v dnevni red."
8,"To se pravi, tu gre za dve fazi."
4,Koliko nas je prisotnih?
34,"Kdo je za to, da je zadeva tako nujna, to je točka Obravnava poročila delovne skupine poslancev o zakonu o lastninskem preoblikovanju podjetij, da razpravljamo o tem, da to točko vključimo v dnevni red?"
3,Kdo je za?
3,Kdo je proti?
4,Kdo se je vzdržal? ......
1,Prosim .....
5,Prisotnost smo imeli ... še enkrat.
9,Eden je še.. 45 delegatov nas je bilo prej...
3,Ostanemo pri 44?
5,Ali lahko štejemo kot 45?
21,"Kdo je za to, da je ta predlog nujen in obravnavamo o tem ali ga vključimo v dnevni red ali ne?"
2,Ne dela ....?
3,Kdo je za?
3,Kdo je proti?
1,Vzdržani?
4,"Ugotavljam, da ni sprejeto."
6,Najprej imamo OSNUTEK ZAKONA O GOZDOVIH.
13,"Zadnjič smo to sprejeli na dnevni red, medtem ko ostala dva zbora nista."
26,"Vseeno bi rad, da ostanete zdaj tu poslanci, da se še o tem zakonu pogovorimo in potem na tak način tudi vsaj ta del dolga popravimo."
11,Osnutek zakona je v obravnavo predložil Izvršni svet Skupščine Republike Slovenije.
23,"Osnutek zakona so obravnavali Komisija za varstvo okolja in naravno dediščino, ki je osnutek zakona obravnavala predvsem iz okolja varstvenega in naravovarstvenega vidika."
18,Odbor za kmetijstvo in gozdarstvo je v načelni razpravi večine članov odbora izrazil negativno stališče do posameznih rešitev.
33,"Menili so, da bi zakon moral obravnavati le gozdove in gospodarjenje z gozdovi ter smiselno vključiti negozdne površine, ki so funkcionalno vezane na gozd, ne bi pa smel posegati na površine izven gozda."
34,"Odbor za urejanje prostora ter stanovanjsko-komunalna vprašanja, potem je tudi Zakonodajno-pravna komisija obravnavala predvsem vsebinske spremembe in prejeli smo tudi pripombe Zavoda Republike Slovenije za varstvo naravne in kulturne dediščine in Sindikata gozdarstva Slovenije."
9,"Ali želi predstavnik Izvršnega sveta, gospod minister Osterc, besedo?"
1,Prosim.
6,"Spoštovane poslanke in poslanci, spoštovano predsedstvo!"
11,"Dovolite mi, da dam kratek uvod k osnutku zakona o gozdovih."
27,"Vsebina osnutka zakona o gozdovih se nanaša na širok krog različnih interesov, zato smo upravičeno pričakovali, da bo, kljub skrbni pripravi tudi ta osnutek deležen številnih pripomb."
19,"Zavedamo se, da za tiste vsebine zakona, kjer so prisotni različni interesi, ne more biti za vse zadovoljivih rešitev."
20,"Pri pripravi osnutka zakona smo skušali dosledno upoštevati, da je gozd pomemben naravni ekosistem, ki odločujoče vpliva na stanje okolja."
16,"Zato smo iskali možnosti za sodoben, sprejemljiv način usklajevanja javnih lastniških interesov pri gospodarjenju z gozdovi."
36,"Za to usklajevanje sta dejansko možna dva načina, in sicer, da posegamo s sistemom nadzora gospodarjenja in sankcioniranja posegov, ki so izvedeni v nasprotju s predpisi ali, da s strokovnim svetovanjem kot preventivnim usmerjanjem gospodarjenja posegamo."
13,K predlaganemu osnutku smo zasledovali ali pa se odločili predvsem za drug način.
10,Gozd je namreč ob pravilnem poseganju vanj obnovljiv naravni vir.
10,"Negativni učinki, če napačno posegamo vanj, pa imajo dolgoročne posledice."
15,"Ko je napačen poseg izveden, sankcioniranje kršilca ali kaznovanje, stanja gozda ne more več popraviti."
18,"Uskladitev interesov je v osnutku zakona o gozdovih opredeljena skupno, sporazumno, s skupno ali sporazumno pripravo gozdno-gojitvenega načrta."
21,"Sestavni del tega načrta je poleg določitve del, ki jih lastnik v gozdu mora narediti tudi sporazumni izbor drevja za poseg."
38,"Strokovno pravilno izbranim drevjem za sečnjo se odločilno vpliva na razvoj gozda in s tem na njegovo okolju, njegovo vlogo v okolju in ga ne gre enačiti, te odbire namreč, z obvezno odmero poseka, to je nekdanjim odkazilom."
26,"Nima torej povezave z obvezno sečnjo in prodajo lesa, niti z odrejanjem porabe gozdnih lesnih sortimentov za potrebe gospodinjstva ali domače obrti, niti z odmero davkov."
21,"Gre izključno za strokoven nasvet, ki ga je treba pač označiti zato, da ostane viden, dokler lastnik ne poseka tistih dreves."
18,"Osnutek zakona o gozdovih opredeljuje le zahtevo, da se sme posek uresničiti le v okviru strokovnega izbora dreves."
30,"Če iz besedila osnutka zakona te vsebine ni mogoče nedvoumno razbrati, jo bo predlagatelj tudi z vašo pomočjo na osnovi razprave in konstruktivnih pripomb do predloga zakona skušal jasneje opredeliti."
25,Osnutek zakona o gozdovih predvideva poleg usmerjanja gospodarjenja z gozdnim prostorom tudi usmerjanje gospodarjenja s skupinami gozdnega drevja oziroma s posamičnim gozdnim drevjem zunaj naselij.
32,"Zavod za gozdove bi lastniku v primerih, ko ima taka površina ali tako drevje ekosistemsko ali krajinsko poudarjeno vlogo, po uradni dolžnosti s pisnim navodilom svetoval, kdaj in kako naj posega vanje."
33,"Predlagatelj, torej mi - Izvršni svet, menimo, da bi tako zagotovili vsaj minimalno skrb tudi za te pomembne sestavine okolja in na ta način prispevali k ohranitvi kulturne krajine, kakršno smo izoblikovali do danes."
27,"Predlagatelj se zaveda, da je tako kot je v osnutku zakona postavljena sporna tudi občinska lastnina gozdov. 5. člen dosledno upošteva zahtevo razprave po uvedbi občinske lastnine."
14,"V izpeljavi finančnih posledic pa osnutek zakona sledi zakonodaji, ki ureja finansiranje javne porabe."
34,"Ob nerešenem statusu in vlogi lokalne skupnosti, veste, da se dogovarjamo o tem kako velike bodo bodoče lokalne skupnosti in ob veljavnem sistemu finansiranja javne porabe, s tem zakonom teh vprašanj ni mogoče razrešiti."
35,"Zato predlagatelj meni, da se vsi gozdovi v družbeni lastnini prenesejo v sklad kmetijskih zemljišč in gozdov in po končanem postopku denacionalizacije, eventualno z aktom Izvršnega sveta ali Skupščine Republike Slovenije prenesejo na lokalne skupnosti."
34,Ob tem pa je treba zavzeti konkretno stališče ali naj se občinam vrnejo le tisti gozdovi katerih lastnice so bile pred vzpostavitvijo družbene lastnine ali pa naj se njena lastnina razširi na vse gozdove.
11,"Razen seveda na privatne in zadružne, ki ležijo na njenem območju."
9,V zahodnoevropskih državah je tendenca povečevanja obsega državne lastnine.
8,Država je tam garant za zagotovitev javnega interesa.
28,"Z uveljavitvijo novega zakona o gozdovih bodo preoblikovana tudi gozdna gospodarstva, s tem pa dokončno tudi sistem, ki ga veljavni zakon o gozdovih določa za gospodarjenje z njim."
22,"Razpad tega sistema se je začel že v letu 1990, močneje pa je bil prisoten tudi v letošnjem letu, odnosno je prisoten."
23,"Prehod na nov, povsem drug sistem zahteva postopnost, ki je z določitvijo rokov vgrajena v prehodnih in končnih določbah osnutka zakona o gozdovih."
25,"Samo v tem kontekstu predlagatelj razume tudi prednostno pravico izvajanja del v državnih gozdovih, ki je pravica pod pogoji, kot jih bo določil Izvršni svet."
18,S tem želi predlagatelj zagotoviti optimalno gospodarjenje z državnimi gozdovi tudi v obdobju takoj po sprejemu tega zakona.
48,"Ni namreč realno pričakovati, da bo z množico majhnih firm mogoče kar prvo leto po uveljavitvi novega zakona redno posekati več kot 700 tisoč kubičnih metrov etata v državnih gozdovih, ki niso v denacionalizaciji niti, da bodo ta podjetja zainteresirana za izvajanje vseh nujnih gojitvenih del v gozdovih."
18,"Brez novega zakona je Ministrstvo za kmetijstvo, gozdarstvo in prehrano nemogoče razreševati nakopičene probleme v gospodarjenju z gozdovi."
18,Veljavni zakon o gozdovih je v nekaterih bistvenih določbah preživet oziroma se nekatere njegove bistvene določbe ne izvajajo.
7,To pomeni trenutno brezpravje na tem področju.
36,"To stanje in njegove posledice so bile že prikazane v poročilu o stanju gozdov in v predlogu za izdajo zakona o spremembah in dopolnitvah zakona o gozdovih, kar je bilo obravnavano 7. marca v zborih skupščine."
14,"Strokovne evidence kažejo, da se število in obseg napačno izvedenih posegov v gozd povečujeta."
4,Te podatke zbirajo inšpekcije.
10,Vidne posledice bo to imelo res šele čez več let.
30,"Kot sem že omenil, imajo negativni učinki vplivi človeka na gozd dolgoročne posledice in jih je kasneje težko ali skoraj nemogoče celo z najbolj strokovnimi in finančno podprtimi ukrepi popraviti."
21,V letošnjem letu so bile negativne posledice tega stanja nekoliko ublažene s financiranjem vlaganj v zasebne gozdove iz proračuna Republike Slovenije.
20,"Kljub temu pa kaže, da bo od vseh nujnih del v zasebnih gozdovih opravljena le polovica, dobra polovica teh del."
6,Dela zaostajajo tudi v družbenih gozdovih.
9,Premene degradiranih gozdov in gozdne gradnje so popolnoma ustavljene.
5,Vzdrževanje gozdnih prometnic je pomanjkljivo.
33,"To stanje je po našem mnenju mogoče urediti le s čimprejšnjim sprejemom novega zakona o gozdovih, ki naj bi jasno določil javni interes v gozdovih ter lastninske omejitve, obveznosti in odgovornosti lastnikov gozdov."
20,"Zato menimo, da vsako odlašanje obravnave pripravljenega osnutka zakona pomeni podaljševanja obdobja, ki bo dolgoročno negativno vplivalo predvsem na gozd."
8,Izvršni svet pričakuje konkretno konstruktivne pripombe vas poslancev.
16,Slovenija je v tujini tuji gozdarski javnosti znana kot država z naprednim sonaravnim odnosom do gozda.
30,"Zato mora biti čim hitrejši sprejem novega zakona o gozdovih, ki ga bo, ko bo veljaven, mogoče izvajati v zadovoljstvo lastnikov in države kot nositeljice javnega interesa naša skupna želja."
1,Hvala.
2,Hvala lepa.
2,Gospod Zabukovec.
9,"Mislim, da bi morali vprašanje zakonodaje gozdov čimprej urediti."
23,"Opazil sem pa, da je precej poslancev predvsem iz vrst opozicije zapustilo dvorano in sprašujem vodstvo zbora, ali še lahko nadaljujemo z delom."
17,"Sam ne vem natančno odgovora glede na to, da smo v fazi osnutka oziroma razprave o osnutku."
3,Prosim za odgovor.
2,Hvala lepa.
15,"To je zdaj zelo zanimivo vprašanje, zlasti za mene, ki sploh ne zapustim tega pulta."
16,"Verjetno bi bilo bolj umestno, če bi šel ti ven in bi vprašal, na čem smo."
4,Jaz tega ne vem.
6,Poslušal sem zelo pozorno gospoda ministra.
9,"On je tudi povedal, da se z zakonom mudi."
13,"Jaz to njegovo konstatacijo upoštevam in se mi zdi, da bi bilo prav."
26,"Je pa to drugo vprašanje, ki si ga ti postavil in menim, glede na to, da ni več te prisotnosti, da bom odredil 15 minutni odmor."
7,"V tem času se pogovorite, kakor želite."
11,"Če po 15 minutah ne bo dovolj poslancev, zaključujem to sejo."
7,"Oprostite, imam občutek, da smo nekoliko nestrpni."
23,"Toliko kot imam jaz občutka, je bilo to zapuščanje mest v Skupščini, ne kakršnokoli politično dejanje, ampak ob tem času običajno imamo odmor."
12,"Nekaj med njimi je strastnih kadilcev, nekaterim je pa krulilo po želodcih."
30,"Mislim, da je to edini razlog in ker mislim, da je to edini razlog, predlagam, da res sprejmemo to, kar je predsednik predlagal, odmor, potem pa lahko nadaljujemo z delom."
9,"Potem se pa dogovorimo, da nadaljujemo ob 13,15 uri."
